# Step Time(s) Pxy(Pa) Pxz(Pa) Pyz(Pa)
0 0.000000e+00 1.982959e+33 -7.102150e+33 -1.901546e+34
1 2.000000e-15 7.868236e+33 -2.818154e+34 -7.545398e+34
2 4.000000e-15 1.330539e+43 -1.521712e+43 -1.912514e+43
3 6.000000e-15 5.279666e+43 -6.038252e+43 -7.588978e+43
4 8.000000e-15 5.237513e+43 -5.990043e+43 -7.528388e+43
5 1.000000e-14 5.195697e+43 -5.942218e+43 -7.468281e+43
6 1.200000e-14 5.154214e+43 -5.894776e+43 -7.408655e+43
7 1.400000e-14 5.113063e+43 -5.847712e+43 -7.349504e+43
8 1.600000e-14 5.072240e+43 -5.801024e+43 -7.290825e+43
9 1.800000e-14 5.031743e+43 -5.754708e+43 -7.232616e+43
10 2.000000e-14 4.991570e+43 -5.708763e+43 -7.174870e+43
11 2.200000e-14 4.878688e+43 -5.688501e+43 -7.104513e+43
12 2.400000e-14 5.832358e+43 -5.395397e+43 -6.500323e+43
13 2.600000e-14 9.386694e+43 -4.390962e+43 -4.934915e+43
14 2.800000e-14 9.311753e+43 -4.355897e+43 -4.895493e+43
15 3.000000e-14 9.237408e+43 -4.321119e+43 -4.856407e+43
16 3.200000e-14 9.163656e+43 -4.286620e+43 -4.817634e+43
17 3.400000e-14 9.090493e+43 -4.252395e+43 -4.779170e+43
18 3.600000e-14 9.017915e+43 -4.218444e+43 -4.741013e+43
19 3.800000e-14 8.945916e+43 -4.184764e+43 -4.703161e+43
20 4.000000e-14 8.874492e+43 -4.151353e+43 -4.665611e+43
21 4.200000e-14 8.803638e+43 -4.118209e+43 -4.628360e+43
22 4.400000e-14 8.733350e+43 -4.085329e+43 -4.591408e+43
23 4.600000e-14 8.663622e+43 -4.052712e+43 -4.554750e+43
24 4.800000e-14 8.594452e+43 -4.020355e+43 -4.518385e+43
25 5.000000e-14 8.525834e+43 -3.988256e+43 -4.482310e+43
26 5.200000e-14 8.457764e+43 -3.956414e+43 -4.446523e+43
27 5.400000e-14 8.390237e+43 -3.924826e+43 -4.411022e+43
28 5.600000e-14 8.323249e+43 -3.893490e+43 -4.375804e+43
29 5.800000e-14 8.256796e+43 -3.862404e+43 -4.340868e+43
30 6.000000e-14 8.190874e+43 -3.831567e+43 -4.306211e+43
31 6.200000e-14 8.125482e+43 -3.800986e+43 -4.271832e+43
32 6.400000e-14 8.060620e+43 -3.770668e+43 -4.237733e+43
33 6.600000e-14 7.996264e+43 -3.740563e+43 -4.203899e+43
34 6.800000e-14 7.932422e+43 -3.710698e+43 -4.170335e+43
35 7.000000e-14 7.869090e+43 -3.681072e+43 -4.137039e+43
36 7.200000e-14 7.806263e+43 -3.651682e+43 -4.104009e+43
37 7.400000e-14 7.743938e+43 -3.622527e+43 -4.071243e+43
38 7.600000e-14 7.682110e+43 -3.593605e+43 -4.038738e+43
39 7.800000e-14 7.620776e+43 -3.564914e+43 -4.006493e+43
40 8.000000e-14 7.559932e+43 -3.536452e+43 -3.974505e+43
41 8.200000e-14 7.499573e+43 -3.508217e+43 -3.942772e+43
42 8.400000e-14 7.439697e+43 -3.480207e+43 -3.911293e+43
43 8.600000e-14 7.380298e+43 -3.452421e+43 -3.880065e+43
44 8.800000e-14 7.321373e+43 -3.424872e+43 -3.849087e+43
45 9.000000e-14 7.262918e+43 -3.397574e+43 -3.818354e+43
46 9.200000e-14 7.204931e+43 -3.370447e+43 -3.787868e+43
47 9.400000e-14 7.147407e+43 -3.343538e+43 -3.757626e+43
48 9.600000e-14 7.090342e+43 -3.316843e+43 -3.727625e+43
49 9.800000e-14 7.033733e+43 -3.290361e+43 -3.697864e+43
50 1.000000e-13 6.977575e+43 -3.264091e+43 -3.668340e+43
51 1.020000e-13 6.921866e+43 -3.238031e+43 -3.639052e+43
52 1.040000e-13 6.866602e+43 -3.212178e+43 -3.609998e+43
53 1.060000e-13 6.811779e+43 -3.186532e+43 -3.581176e+43
54 1.080000e-13 6.757394e+43 -3.161091e+43 -3.552584e+43
55 1.100000e-13 6.703447e+43 -3.135851e+43 -3.524219e+43
56 1.120000e-13 6.649939e+43 -3.110811e+43 -3.496079e+43
57 1.140000e-13 6.596846e+43 -3.085974e+43 -3.468166e+43
58 1.160000e-13 6.544177e+43 -3.061337e+43 -3.440476e+43
59 1.180000e-13 6.491928e+43 -3.036895e+43 -3.413007e+43
60 1.200000e-13 6.440096e+43 -3.012648e+43 -3.385758e+43
61 1.220000e-13 6.388679e+43 -2.988595e+43 -3.358726e+43
62 1.240000e-13 6.337671e+43 -2.964734e+43 -3.331910e+43
63 1.260000e-13 6.287072e+43 -2.941064e+43 -3.305308e+43
64 1.280000e-13 7.409694e+43 -1.733607e+43 -2.280877e+43
65 1.300000e-13 1.084090e+44 1.803804e+43 7.075531e+42
66 1.320000e-13 1.075435e+44 1.789402e+43 7.019039e+42
67 1.340000e-13 1.066848e+44 1.775116e+43 6.962999e+42
68 1.360000e-13 1.058331e+44 1.760943e+43 6.907407e+42
69 1.380000e-13 1.049881e+44 1.746884e+43 6.852258e+42
70 1.400000e-13 1.041499e+44 1.732937e+43 6.797550e+42
71 1.420000e-13 1.033183e+44 1.719101e+43 6.743278e+42
72 1.440000e-13 1.024934e+44 1.705376e+43 6.689440e+42
73 1.460000e-13 1.016744e+44 1.691749e+43 6.636108e+42
74 1.480000e-13 1.008604e+44 1.678210e+43 6.583354e+42
75 1.500000e-13 1.000551e+44 1.664812e+43 6.530790e+42
76 1.520000e-13 9.925626e+43 1.651523e+43 6.478643e+42
77 1.540000e-13 9.846377e+43 1.638388e+43 6.426902e+42
78 1.560000e-13 9.767754e+43 1.625461e+43 6.375542e+42
79 1.580000e-13 9.689761e+43 1.612567e+43 6.324518e+42
80 1.600000e-13 9.612376e+43 1.599943e+43 6.273660e+42
81 1.620000e-13 9.535631e+43 1.587169e+43 6.223571e+42
82 1.640000e-13 9.459498e+43 1.574497e+43 6.173882e+42
83 1.660000e-13 9.383974e+43 1.561926e+43 6.124589e+42
84 1.680000e-13 9.309052e+43 1.549456e+43 6.075691e+42
85 1.700000e-13 9.234728e+43 1.537085e+43 6.027185e+42
86 1.720000e-13 9.160998e+43 1.524813e+43 5.979063e+42
87 1.740000e-13 9.911423e+43 1.618754e+43 6.818172e+42
88 1.760000e-13 1.228326e+44 1.921636e+43 9.403039e+42
89 1.780000e-13 1.218519e+44 1.906294e+43 9.327965e+42
90 1.800000e-13 1.208791e+44 1.891074e+43 9.253491e+42
91 1.820000e-13 1.199140e+44 1.875975e+43 9.179611e+42
92 1.840000e-13 1.189566e+44 1.860998e+43 9.106321e+42
93 1.860000e-13 1.180068e+44 1.846129e+43 9.033460e+42
94 1.880000e-13 1.170647e+44 1.831360e+43 8.960874e+42
95 1.900000e-13 1.161301e+44 1.816739e+43 8.889331e+42
96 1.920000e-13 1.152029e+44 1.802234e+43 8.818361e+42
97 1.940000e-13 1.142831e+44 1.787845e+43 8.747955e+42
98 1.960000e-13 1.133707e+44 1.773571e+43 8.678111e+42
99 1.980000e-13 1.124655e+44 1.759410e+43 8.608825e+42
100 2.000000e-13 1.115676e+44 1.745363e+43 8.540092e+42
101 2.020000e-13 1.106768e+44 1.731428e+43 8.471908e+42
102 2.040000e-13 1.097932e+44 1.717605e+43 8.404269e+42
103 2.060000e-13 1.089166e+44 1.703891e+43 8.337169e+42
104 2.080000e-13 1.080470e+44 1.690287e+43 8.270605e+42
105 2.100000e-13 1.071844e+44 1.676792e+43 8.204572e+42
106 2.120000e-13 1.063286e+44 1.663405e+43 8.139067e+42
107 2.140000e-13 1.054797e+44 1.650124e+43 8.074086e+42
108 2.160000e-13 1.046375e+44 1.636950e+43 8.009624e+42
109 2.180000e-13 1.038021e+44 1.623880e+43 7.945675e+42
110 2.200000e-13 1.029733e+44 1.610915e+43 7.882237e+42
111 2.220000e-13 1.021512e+44 1.598054e+43 7.819305e+42
112 2.240000e-13 1.013356e+44 1.585295e+43 7.756876e+42
113 2.260000e-13 1.005266e+44 1.572638e+43 7.694945e+42
114 2.280000e-13 9.972395e+43 1.560082e+43 7.633508e+42
115 2.300000e-13 9.892776e+43 1.547626e+43 7.572562e+42
116 2.320000e-13 -1.114156e+50 -2.888680e+50 1.496402e+50
117 2.340000e-13 -4.421046e+50 -1.146247e+51 5.937819e+50
118 2.360000e-13 -4.385749e+50 -1.137095e+51 5.890411e+50
119 2.380000e-13 -4.350733e+50 -1.128017e+51 5.843382e+50
120 2.400000e-13 -4.315997e+50 -1.119011e+51 5.796729e+50
121 2.420000e-13 -4.281538e+50 -1.110076e+51 5.750448e+50
122 2.440000e-13 -4.247354e+50 -1.101214e+51 5.704536e+50
123 2.460000e-13 -4.213443e+50 -1.092422e+51 5.658991e+50
124 2.480000e-13 -4.179803e+50 -1.083700e+51 5.613810e+50
125 2.500000e-13 -4.146431e+50 -1.075047e+51 5.568989e+50
126 2.520000e-13 -4.113326e+50 -1.066464e+51 5.524526e+50
127 2.540000e-13 -4.080485e+50 -1.057950e+51 5.480419e+50
128 2.560000e-13 -4.047907e+50 -1.049503e+51 5.436663e+50
129 2.580000e-13 -4.015588e+50 -1.041124e+51 5.393257e+50
130 2.600000e-13 -3.983528e+50 -1.032811e+51 5.350197e+50
131 2.620000e-13 -3.951723e+50 -1.024565e+51 5.307481e+50
132 2.640000e-13 -3.920173e+50 -1.016385e+51 5.265106e+50
133 2.660000e-13 -3.888874e+50 -1.008270e+51 5.223069e+50
134 2.680000e-13 -3.857825e+50 -1.000220e+51 5.181368e+50
135 2.700000e-13 -3.827025e+50 -9.922346e+50 5.140000e+50
136 2.720000e-13 -3.796470e+50 -9.843126e+50 5.098962e+50
137 2.740000e-13 -3.766159e+50 -9.764539e+50 5.058252e+50
138 2.760000e-13 -3.736090e+50 -9.686579e+50 5.017867e+50
139 2.780000e-13 -3.706261e+50 -9.609241e+50 4.977805e+50
140 2.800000e-13 -3.676670e+50 -9.532521e+50 4.938062e+50
141 2.820000e-13 -3.647092e+50 -9.456490e+50 4.898601e+50
142 2.840000e-13 -3.617307e+50 -9.381218e+50 4.859386e+50
143 2.860000e-13 -3.588427e+50 -9.306318e+50 4.820589e+50
144 2.880000e-13 -3.559777e+50 -9.232017e+50 4.782101e+50
145 2.900000e-13 -3.531356e+50 -9.158308e+50 4.743921e+50
146 2.920000e-13 -3.503161e+50 -9.085188e+50 4.706045e+50
147 2.940000e-13 1.771512e+51 5.358855e+51 8.960695e+50
148 2.960000e-13 8.063708e+51 2.394649e+52 2.166301e+51
149 2.980000e-13 7.999327e+51 2.375530e+52 2.149005e+51
150 3.000000e-13 7.935460e+51 2.356564e+52 2.131848e+51
151 3.020000e-13 7.872104e+51 2.337749e+52 2.114827e+51
152 3.040000e-13 7.809253e+51 2.319084e+52 2.097942e+51
153 3.060000e-13 7.746904e+51 2.300569e+52 2.081192e+51
154 3.080000e-13 7.685052e+51 2.282201e+52 2.064576e+51
155 3.100000e-13 -5.974120e+52 -5.042744e+52 7.073471e+52
156 3.120000e-13 -2.597454e+53 -2.674765e+53 2.745847e+53
157 3.140000e-13 -2.576716e+53 -2.653409e+53 2.723924e+53
158 3.160000e-13 -2.556143e+53 -2.632224e+53 2.702176e+53
159 3.180000e-13 -2.535735e+53 -2.611209e+53 2.680602e+53
160 3.200000e-13 -2.515490e+53 -2.590361e+53 2.659200e+53
161 3.220000e-13 -2.495406e+53 -2.569679e+53 2.637969e+53
162 3.240000e-13 -2.475483e+53 -2.549163e+53 2.616907e+53
163 3.260000e-13 -2.455719e+53 -2.528811e+53 2.596014e+53
164 3.280000e-13 -2.436112e+53 -2.508621e+53 2.575287e+53
165 3.300000e-13 -2.416662e+53 -2.488592e+53 2.554726e+53
166 3.320000e-13 -2.397368e+53 -2.468723e+53 2.534329e+53
167 3.340000e-13 -2.378227e+53 -2.449012e+53 2.514095e+53
168 3.360000e-13 -2.359239e+53 -2.429460e+53 2.494023e+53
169 3.380000e-13 -2.340403e+53 -2.410063e+53 2.474110e+53
170 3.400000e-13 -2.321717e+53 -2.390821e+53 2.454357e+53
171 3.420000e-13 -2.303181e+53 -2.371733e+53 2.434761e+53
172 3.440000e-13 -2.284792e+53 -2.352797e+53 2.415322e+53
173 3.460000e-13 -2.266550e+53 -2.334012e+53 2.396038e+53
174 3.480000e-13 -2.248454e+53 -2.315377e+53 2.376908e+53
175 3.500000e-13 -2.230503e+53 -2.296891e+53 2.357931e+53
176 3.520000e-13 -2.212694e+53 -2.278553e+53 2.339105e+53
177 3.540000e-13 -2.195028e+53 -2.260361e+53 2.320430e+53
178 3.560000e-13 -2.177503e+53 -2.242314e+53 2.301904e+53
179 3.580000e-13 -2.160118e+53 -2.224411e+53 2.283525e+53
180 3.600000e-13 -2.142871e+53 -2.206652e+53 2.265294e+53
181 3.620000e-13 -2.125763e+53 -2.189034e+53 2.247208e+53
182 3.640000e-13 -2.108791e+53 -2.171557e+53 2.229266e+53
183 3.660000e-13 -2.091954e+53 -2.154219e+53 2.211467e+53
184 3.680000e-13 -2.075252e+53 -2.137020e+53 2.193811e+53
185 3.700000e-13 -2.058683e+53 -2.119958e+53 2.176296e+53
186 3.720000e-13 -2.042247e+53 -2.103032e+53 2.158920e+53
187 3.740000e-13 -2.025941e+53 -2.086241e+53 2.141683e+53
188 3.760000e-13 -2.009766e+53 -2.069585e+53 2.124584e+53
189 3.780000e-13 -1.993720e+53 -2.053061e+53 2.107621e+53
190 3.800000e-13 -1.977802e+53 -2.036670e+53 2.090794e+53
191 3.820000e-13 -1.962011e+53 -2.020409e+53 2.074101e+53
192 3.840000e-13 -1.946347e+53 -2.004278e+53 2.057542e+53
193 3.860000e-13 -1.930807e+53 -1.988276e+53 2.041114e+53
194 3.880000e-13 -1.915392e+53 -1.972401e+53 2.024818e+53
195 3.900000e-13 -1.900099e+53 -1.956654e+53 2.008652e+53
196 3.920000e-13 -1.884929e+53 -1.941032e+53 1.992615e+53
197 3.940000e-13 -1.869879e+53 -1.925535e+53 1.976706e+53
198 3.960000e-13 -1.854950e+53 -1.910161e+53 1.960924e+53
199 3.980000e-13 -1.840140e+53 -1.894910e+53 1.945268e+53
200 4.000000e-13 -1.825449e+53 -1.879781e+53 1.929737e+53
201 4.020000e-13 -1.810874e+53 -1.864773e+53 1.914330e+53
202 4.040000e-13 -1.796416e+53 -1.849885e+53 1.899046e+53
203 4.060000e-13 -1.782074e+53 -1.835115e+53 1.883884e+53
204 4.080000e-13 -1.767846e+53 -1.820464e+53 1.868843e+53
205 4.100000e-13 -1.753731e+53 -1.805929e+53 1.853922e+53
206 4.120000e-13 -1.739729e+53 -1.791511e+53 1.839120e+53
207 4.140000e-13 -1.725839e+53 -1.777207e+53 1.824437e+53
208 4.160000e-13 -1.712060e+53 -1.763018e+53 1.809870e+53
209 4.180000e-13 -1.698391e+53 -1.748942e+53 1.795420e+53
210 4.200000e-13 -1.684831e+53 -1.734979e+53 1.781086e+53
211 4.220000e-13 -1.671380e+53 -1.721126e+53 1.766865e+53
212 4.240000e-13 -1.658035e+53 -1.707385e+53 1.752759e+53
213 4.260000e-13 -1.644797e+53 -1.693753e+53 1.738765e+53
214 4.280000e-13 -1.631665e+53 -1.680230e+53 1.724883e+53
215 4.300000e-13 -1.618638e+53 -1.666815e+53 1.711111e+53
216 4.320000e-13 -1.605715e+53 -1.653507e+53 1.697450e+53
217 4.340000e-13 -1.592895e+53 -1.640306e+53 1.683897e+53
218 4.360000e-13 -1.580177e+53 -1.627210e+53 1.670453e+53
219 4.380000e-13 -1.567561e+53 -1.614218e+53 1.657116e+53
220 4.400000e-13 -1.555046e+53 -1.601330e+53 1.643886e+53
221 4.420000e-13 -1.542630e+53 -1.588545e+53 1.630761e+53
222 4.440000e-13 -1.530314e+53 -1.575862e+53 1.617741e+53
223 4.460000e-13 -1.518096e+53 -1.563280e+53 1.604825e+53
224 4.480000e-13 -1.505975e+53 -1.550799e+53 1.592012e+53
225 4.500000e-13 -1.493952e+53 -1.538418e+53 1.579301e+53
226 4.520000e-13 -1.482024e+53 -1.526135e+53 1.566692e+53
227 4.540000e-13 -1.470192e+53 -1.513950e+53 1.554184e+53
228 4.560000e-13 -1.458454e+53 -1.501863e+53 1.541775e+53
229 4.580000e-13 -1.446809e+53 -1.489872e+53 1.529465e+53
230 4.600000e-13 -1.435258e+53 -1.477977e+53 1.517254e+53
231 4.620000e-13 -1.423799e+53 -1.466177e+53 1.505140e+53
232 4.640000e-13 -1.412431e+53 -1.454471e+53 1.493123e+53
233 4.660000e-13 -1.401154e+53 -1.442858e+53 1.481202e+53
234 4.680000e-13 -1.389968e+53 -1.431338e+53 1.469376e+53
235 4.700000e-13 -1.378870e+53 -1.419911e+53 1.457645e+53
236 4.720000e-13 -1.367861e+53 -1.408574e+53 1.446007e+53
237 4.740000e-13 -1.356940e+53 -1.397328e+53 1.434462e+53
238 4.760000e-13 -1.346106e+53 -1.386172e+53 1.423009e+53
239 4.780000e-13 -1.335359e+53 -1.375105e+53 1.411648e+53
240 4.800000e-13 -1.324697e+53 -1.364126e+53 1.400377e+53
241 4.820000e-13 -1.314121e+53 -1.353235e+53 1.389197e+53
242 4.840000e-13 -1.303629e+53 -1.342430e+53 1.378106e+53
243 4.860000e-13 -1.293221e+53 -1.331712e+53 1.367103e+53
244 4.880000e-13 -1.282896e+53 -1.321080e+53 1.356188e+53
245 4.900000e-13 -1.272653e+53 -1.310532e+53 1.345360e+53
246 4.920000e-13 -1.262492e+53 -1.300069e+53 1.334619e+53
247 4.940000e-13 -1.252413e+53 -1.289689e+53 1.323963e+53
248 4.960000e-13 -1.242413e+53 -1.279393e+53 1.313392e+53
249 4.980000e-13 -1.232494e+53 -1.269178e+53 1.302906e+53
250 5.000000e-13 -1.222654e+53 -1.259045e+53 1.292504e+53
251 5.020000e-13 -1.212892e+53 -1.248993e+53 1.282185e+53
252 5.040000e-13 -1.203208e+53 -1.239021e+53 1.271948e+53
253 5.060000e-13 -1.193602e+53 -1.229128e+53 1.261792e+53
254 5.080000e-13 -1.184072e+53 -1.219315e+53 1.251718e+53
255 5.100000e-13 -1.174619e+53 -1.209580e+53 1.241725e+53
256 5.120000e-13 -1.165240e+53 -1.199923e+53 1.231811e+53
257 5.140000e-13 -1.155937e+53 -1.190342e+53 1.221976e+53
258 5.160000e-13 -1.146708e+53 -1.180839e+53 1.212220e+53
259 5.180000e-13 -1.137553e+53 -1.171411e+53 1.202541e+53
260 5.200000e-13 -1.128471e+53 -1.162058e+53 1.192940e+53
261 5.220000e-13 -1.119461e+53 -1.152781e+53 1.183416e+53
262 5.240000e-13 -1.110523e+53 -1.143577e+53 1.173967e+53
263 5.260000e-13 -1.101657e+53 -1.134446e+53 1.164594e+53
264 5.280000e-13 -1.092861e+53 -1.125389e+53 1.155296e+53
265 5.300000e-13 -1.084136e+53 -1.116404e+53 1.146072e+53
266 5.320000e-13 -1.075480e+53 -1.107490e+53 1.136922e+53
267 5.340000e-13 -1.066893e+53 -1.098648e+53 1.127845e+53
268 5.360000e-13 -1.058375e+53 -1.089877e+53 1.118840e+53
269 5.380000e-13 -1.049925e+53 -1.081175e+53 1.109907e+53
270 5.400000e-13 -1.041543e+53 -1.072543e+53 1.101046e+53
271 5.420000e-13 -1.033227e+53 -1.063980e+53 1.092255e+53
272 5.440000e-13 -1.024978e+53 -1.055485e+53 1.083535e+53
273 5.460000e-13 -1.016794e+53 -1.047058e+53 1.074884e+53
274 5.480000e-13 -1.008676e+53 -1.038698e+53 1.066302e+53
275 5.500000e-13 -1.000623e+53 -1.030405e+53 1.057788e+53
276 5.520000e-13 -9.926338e+52 -1.022179e+53 1.049343e+53
277 5.540000e-13 -9.847087e+52 -1.014018e+53 1.040965e+53
278 5.560000e-13 -9.768467e+52 -1.005922e+53 1.032654e+53
279 5.580000e-13 -9.690476e+52 -9.978903e+52 1.024409e+53
280 5.600000e-13 -9.613107e+52 -9.899232e+52 1.016230e+53
281 5.620000e-13 -9.536356e+52 -9.820196e+52 1.008117e+53
282 5.640000e-13 -9.460218e+52 -9.741792e+52 1.000068e+53
283 5.660000e-13 -9.384688e+52 -9.664013e+52 9.920835e+52
284 5.680000e-13 -9.309760e+52 -9.586856e+52 9.841627e+52
285 5.700000e-13 -9.235431e+52 -9.510314e+52 9.763051e+52
286 5.720000e-13 -9.161695e+52 -9.434384e+52 9.685103e+52
287 5.740000e-13 -9.088548e+52 -9.359060e+52 9.607777e+52
288 5.760000e-13 -9.015985e+52 -9.284337e+52 9.531069e+52
289 5.780000e-13 -8.944002e+52 -9.210211e+52 9.454973e+52
290 5.800000e-13 -8.872593e+52 -9.136677e+52 9.379484e+52
291 5.820000e-13 -8.801754e+52 -9.063729e+52 9.304598e+52
292 5.840000e-13 -8.731481e+52 -8.991365e+52 9.230311e+52
293 5.860000e-13 -8.661769e+52 -8.919577e+52 9.156616e+52
294 5.880000e-13 -8.592613e+52 -8.848364e+52 9.083509e+52
295 5.900000e-13 -8.524010e+52 -8.777718e+52 9.010987e+52
296 5.920000e-13 -8.455954e+52 -8.707637e+52 8.939043e+52
297 5.940000e-13 -8.388442e+52 -8.638115e+52 8.867674e+52
298 5.960000e-13 -8.321468e+52 -8.569148e+52 8.796874e+52
299 5.980000e-13 -8.255030e+52 -8.500732e+52 8.726640e+52
300 6.000000e-13 -8.189122e+52 -8.432863e+52 8.656966e+52
301 6.020000e-13 -8.123740e+52 -8.365535e+52 8.587849e+52
302 6.040000e-13 -8.058880e+52 -8.298744e+52 8.519284e+52
303 6.060000e-13 -7.994538e+52 -8.232487e+52 8.451266e+52
304 6.080000e-13 -7.930709e+52 -8.166759e+52 8.383791e+52
305 6.100000e-13 -7.867390e+52 -8.101555e+52 8.316855e+52
306 6.120000e-13 -7.804577e+52 -8.036873e+52 8.250453e+52
307 6.140000e-13 -7.742266e+52 -7.972706e+52 8.184581e+52
308 6.160000e-13 -7.680451e+52 -7.909052e+52 8.119236e+52
309 6.180000e-13 -7.619131e+52 -7.845906e+52 8.054412e+52
310 6.200000e-13 -7.558299e+52 -7.783264e+52 7.990105e+52
311 6.220000e-13 -7.497954e+52 -7.721123e+52 7.926312e+52
312 6.240000e-13 -7.438090e+52 -7.659477e+52 7.863029e+52
313 6.260000e-13 -7.378705e+52 -7.598324e+52 7.800250e+52
314 6.280000e-13 -7.319793e+52 -7.537659e+52 7.737973e+52
315 6.300000e-13 -7.261352e+52 -7.477479e+52 7.676193e+52
316 6.320000e-13 -7.203377e+52 -7.417778e+52 7.614906e+52
317 6.340000e-13 -7.145865e+52 -7.358555e+52 7.554109e+52
318 6.360000e-13 -7.088813e+52 -7.299804e+52 7.493797e+52
319 6.380000e-13 -7.032216e+52 -7.241522e+52 7.433966e+52
320 6.400000e-13 -6.973278e+52 -7.186635e+52 7.374034e+52
321 6.420000e-13 -6.909293e+52 -7.137973e+52 7.313434e+52
322 6.440000e-13 -6.854130e+52 -7.080983e+52 7.255043e+52
323 6.460000e-13 -6.799406e+52 -7.024449e+52 7.197119e+52
324 6.480000e-13 -6.745120e+52 -6.968366e+52 7.139657e+52
325 6.500000e-13 -6.691267e+52 -6.912730e+52 7.082654e+52
326 6.520000e-13 -6.637844e+52 -6.857539e+52 7.026106e+52
327 6.540000e-13 -6.584847e+52 -6.802788e+52 6.970010e+52
328 6.560000e-13 -6.532274e+52 -6.748475e+52 6.914361e+52
329 6.580000e-13 -6.480120e+52 -6.694595e+52 6.859157e+52
330 6.600000e-13 -6.428383e+52 -6.641145e+52 6.804394e+52
331 6.620000e-13 -6.377059e+52 -6.588123e+52 6.750067e+52
332 6.640000e-13 -6.326144e+52 -6.535523e+52 6.696175e+52
333 6.660000e-13 -6.275636e+52 -6.483343e+52 6.642713e+52
334 6.680000e-13 -6.225531e+52 -6.431580e+52 6.589677e+52
335 6.700000e-13 -6.175827e+52 -6.380231e+52 6.537065e+52
336 6.720000e-13 -6.126519e+52 -6.329291e+52 6.484873e+52
337 6.740000e-13 -6.077605e+52 -6.278758e+52 6.433098e+52
338 6.760000e-13 -6.029081e+52 -6.228628e+52 6.381736e+52
339 6.780000e-13 -5.980945e+52 -6.178899e+52 6.330784e+52
340 6.800000e-13 -5.933193e+52 -6.129567e+52 6.280239e+52
341 6.820000e-13 -5.885823e+52 -6.080628e+52 6.230098e+52
342 6.840000e-13 -5.838830e+52 -6.032080e+52 6.180357e+52
343 6.860000e-13 -5.792213e+52 -5.983920e+52 6.131013e+52
344 6.880000e-13 -5.745968e+52 -5.936145e+52 6.082063e+52
345 6.900000e-13 -5.700092e+52 -5.888750e+52 6.033504e+52
346 6.920000e-13 -5.654583e+52 -5.841735e+52 5.985332e+52
347 6.940000e-13 -5.609436e+52 -5.795094e+52 5.937545e+52
348 6.960000e-13 -5.564651e+52 -5.748826e+52 5.890140e+52
349 6.980000e-13 -5.520223e+52 -5.702928e+52 5.843113e+52
350 7.000000e-13 -5.476149e+52 -5.657395e+52 5.796462e+52
351 7.020000e-13 -5.432427e+52 -5.612227e+52 5.750183e+52
352 7.040000e-13 -5.389055e+52 -5.567419e+52 5.704273e+52
353 7.060000e-13 -5.346029e+52 -5.522968e+52 5.658730e+52
354 7.080000e-13 -5.303346e+52 -5.478873e+52 5.613551e+52
355 7.100000e-13 -5.261004e+52 -5.435130e+52 5.568732e+52
356 7.120000e-13 -5.219000e+52 -5.391736e+52 5.524272e+52
357 7.140000e-13 -5.177332e+52 -5.348688e+52 5.480166e+52
358 7.160000e-13 -5.135996e+52 -5.305984e+52 5.436412e+52
359 7.180000e-13 -5.094990e+52 -5.263621e+52 5.393008e+52
360 7.200000e-13 -5.054312e+52 -5.221596e+52 5.349950e+52
361 7.220000e-13 -5.013958e+52 -5.179907e+52 5.307236e+52
362 7.240000e-13 -4.973927e+52 -5.138551e+52 5.264863e+52
363 7.260000e-13 -4.934215e+52 -5.097525e+52 5.222828e+52
364 7.280000e-13 -4.894820e+52 -5.056826e+52 5.181129e+52
365 7.300000e-13 -4.873800e+52 -4.982165e+52 5.018468e+52
366 7.320000e-13 -4.888636e+52 -4.840345e+52 4.617422e+52
367 7.340000e-13 -4.849605e+52 -4.801700e+52 4.580556e+52
368 7.360000e-13 -4.810886e+52 -4.763363e+52 4.543985e+52
369 7.380000e-13 -4.772476e+52 -4.725332e+52 4.507706e+52
370 7.400000e-13 -4.734373e+52 -4.687605e+52 4.471717e+52
371 7.420000e-13 -4.696573e+52 -4.650179e+52 4.436014e+52
372 7.440000e-13 -4.659076e+52 -4.613052e+52 4.400597e+52
373 7.460000e-13 -4.621878e+52 -4.576222e+52 4.365463e+52
374 7.480000e-13 -4.584977e+52 -4.539685e+52 4.330609e+52
375 7.500000e-13 -4.548370e+52 -4.503440e+52 4.296033e+52
376 7.520000e-13 -4.512056e+52 -4.467485e+52 4.261734e+52
377 7.540000e-13 -4.476032e+52 -4.431816e+52 4.227708e+52
378 7.560000e-13 -4.440295e+52 -4.396433e+52 4.193954e+52
379 7.580000e-13 -4.404844e+52 -4.361332e+52 4.160470e+52
380 7.600000e-13 -4.369676e+52 -4.326511e+52 4.127252e+52
381 7.620000e-13 -4.334788e+52 -4.291968e+52 4.094300e+52
382 7.640000e-13 -4.300179e+52 -4.257701e+52 4.061612e+52
383 7.660000e-13 -4.265847e+52 -4.223707e+52 4.029184e+52
384 7.680000e-13 -4.231788e+52 -4.189985e+52 3.997015e+52
385 7.700000e-13 -4.198002e+52 -4.156532e+52 3.965103e+52
386 7.720000e-13 -4.164485e+52 -4.123347e+52 3.933445e+52
387 7.740000e-13 -4.131235e+52 -4.090426e+52 3.902041e+52
388 7.760000e-13 -4.098252e+52 -4.057768e+52 3.870887e+52
389 7.780000e-13 -4.065531e+52 -4.025371e+52 3.839981e+52
390 7.800000e-13 -4.033072e+52 -3.993232e+52 3.809323e+52
391 7.820000e-13 -4.000872e+52 -3.961350e+52 3.778909e+52
392 7.840000e-13 -3.968929e+52 -3.929723e+52 3.748739e+52
393 7.860000e-13 -3.937241e+52 -3.898348e+52 3.718809e+52
394 7.880000e-13 -3.905806e+52 -3.867223e+52 3.689118e+52
395 7.900000e-13 -3.874622e+52 -3.836348e+52 3.659664e+52
396 7.920000e-13 -3.843687e+52 -3.805718e+52 3.630445e+52
397 7.940000e-13 -3.812999e+52 -3.775333e+52 3.601460e+52
398 7.960000e-13 -3.782556e+52 -3.745191e+52 3.572705e+52
399 7.980000e-13 -3.752356e+52 -3.715289e+52 3.544181e+52
400 8.000000e-13 -3.722397e+52 -3.685627e+52 3.515884e+52
401 8.020000e-13 -3.692678e+52 -3.656200e+52 3.487813e+52
402 8.040000e-13 -3.663196e+52 -3.627009e+52 3.459967e+52
403 8.060000e-13 -3.633949e+52 -3.598051e+52 3.432342e+52
404 8.080000e-13 -3.604935e+52 -3.569324e+52 3.404939e+52
405 8.100000e-13 -3.576153e+52 -3.540827e+52 3.377754e+52
406 8.120000e-13 -3.547601e+52 -3.512557e+52 3.350786e+52
407 8.140000e-13 -3.519277e+52 -3.484513e+52 3.324033e+52
408 8.160000e-13 -3.491179e+52 -3.456692e+52 3.297494e+52
409 8.180000e-13 -3.463306e+52 -3.429094e+52 3.271167e+52
410 8.200000e-13 -3.435655e+52 -3.401716e+52 3.245050e+52
411 8.220000e-13 -3.408224e+52 -3.374557e+52 3.219141e+52
412 8.240000e-13 -3.381013e+52 -3.347615e+52 3.193440e+52
413 8.260000e-13 -3.354019e+52 -3.320887e+52 3.167943e+52
414 8.280000e-13 -3.327241e+52 -3.294373e+52 3.142650e+52
415 8.300000e-13 -3.300676e+52 -3.268071e+52 3.117559e+52
416 8.320000e-13 -3.274323e+52 -3.241979e+52 3.092669e+52
417 8.340000e-13 -3.248181e+52 -3.216095e+52 3.067977e+52
418 8.360000e-13 -3.222248e+52 -3.190417e+52 3.043482e+52
419 8.380000e-13 -3.196521e+52 -3.164945e+52 3.019183e+52
420 8.400000e-13 -3.171000e+52 -3.139676e+52 2.995078e+52
421 8.420000e-13 -3.145683e+52 -3.114609e+52 2.971165e+52
422 8.440000e-13 -3.120568e+52 -3.089742e+52 2.947443e+52
423 8.460000e-13 -3.095653e+52 -3.065073e+52 2.923911e+52
424 8.480000e-13 -3.070938e+52 -3.040602e+52 2.900566e+52
425 8.500000e-13 -3.046419e+52 -3.016326e+52 2.877408e+52
426 8.520000e-13 -3.022097e+52 -2.992243e+52 2.854435e+52
427 8.540000e-13 -2.997968e+52 -2.968353e+52 2.831645e+52
428 8.560000e-13 -2.974032e+52 -2.944654e+52 2.809037e+52
429 8.580000e-13 -2.950288e+52 -2.921144e+52 2.786610e+52
430 8.600000e-13 -2.926733e+52 -2.897821e+52 2.764362e+52
431 8.620000e-13 -2.903368e+52 -2.874679e+52 2.742285e+52
432 8.640000e-13 -2.880197e+52 -2.851707e+52 2.720371e+52
433 8.660000e-13 -2.857201e+52 -2.828939e+52 2.698651e+52
434 8.680000e-13 -2.834389e+52 -2.806353e+52 2.677105e+52
435 8.700000e-13 -2.811759e+52 -2.783947e+52 2.655731e+52
436 8.720000e-13 -2.789310e+52 -2.761720e+52 2.634528e+52
437 8.740000e-13 -2.767041e+52 -2.739670e+52 2.613494e+52
438 8.760000e-13 -2.744948e+52 -2.717797e+52 2.592627e+52
439 8.780000e-13 -2.723033e+52 -2.696098e+52 2.571928e+52
440 8.800000e-13 -2.701292e+52 -2.674572e+52 2.551394e+52
441 8.820000e-13 -2.679725e+52 -2.653219e+52 2.531023e+52
442 8.840000e-13 -2.658330e+52 -2.632035e+52 2.510816e+52
443 8.860000e-13 -2.637106e+52 -2.611021e+52 2.490769e+52
444 8.880000e-13 -2.616051e+52 -2.590175e+52 2.470883e+52
445 8.900000e-13 -2.595165e+52 -2.569495e+52 2.451155e+52
446 8.920000e-13 -2.574445e+52 -2.548980e+52 2.431585e+52
447 8.940000e-13 -2.553891e+52 -2.528629e+52 2.412172e+52
448 8.960000e-13 -2.533500e+52 -2.508440e+52 2.392913e+52
449 8.980000e-13 -2.513273e+52 -2.488413e+52 2.373808e+52
450 9.000000e-13 -2.493207e+52 -2.468545e+52 2.354855e+52
451 9.020000e-13 -2.473301e+52 -2.448837e+52 2.336054e+52
452 9.040000e-13 -2.453554e+52 -2.429285e+52 2.317403e+52
453 9.060000e-13 -2.433965e+52 -2.409890e+52 2.298901e+52
454 9.080000e-13 -2.414532e+52 -2.390649e+52 2.280547e+52
455 9.100000e-13 -2.395255e+52 -2.371562e+52 2.262339e+52
456 9.120000e-13 -2.376131e+52 -2.352628e+52 2.244276e+52
457 9.140000e-13 -2.357160e+52 -2.333844e+52 2.226358e+52
458 9.160000e-13 -2.338340e+52 -2.315211e+52 2.208583e+52
459 9.180000e-13 -2.319671e+52 -2.296726e+52 2.190949e+52
460 9.200000e-13 -2.301151e+52 -2.278389e+52 2.173457e+52
461 9.220000e-13 -2.282778e+52 -2.260198e+52 2.156104e+52
462 9.240000e-13 -2.264553e+52 -2.242153e+52 2.138890e+52
463 9.260000e-13 -2.246473e+52 -2.224252e+52 2.121813e+52
464 9.280000e-13 -2.228537e+52 -2.206493e+52 2.104872e+52
465 9.300000e-13 -2.210744e+52 -2.188877e+52 2.088067e+52
466 9.320000e-13 -2.193093e+52 -2.171401e+52 2.071396e+52
467 9.340000e-13 -2.175584e+52 -2.154064e+52 2.054858e+52
468 9.360000e-13 -2.158214e+52 -2.136866e+52 2.038452e+52
469 9.380000e-13 -2.140983e+52 -2.119805e+52 2.022177e+52
470 9.400000e-13 -2.123889e+52 -2.102881e+52 2.006032e+52
471 9.420000e-13 -2.106932e+52 -2.086091e+52 1.990016e+52
472 9.440000e-13 -2.090110e+52 -2.069436e+52 1.974127e+52
473 9.460000e-13 -2.073423e+52 -2.052914e+52 1.958366e+52
474 9.480000e-13 -2.056869e+52 -2.036523e+52 1.942730e+52
475 9.500000e-13 -2.040447e+52 -2.020264e+52 1.927219e+52
476 9.520000e-13 -2.024156e+52 -2.004134e+52 1.911833e+52
477 9.540000e-13 -2.007995e+52 -1.988133e+52 1.896569e+52
478 9.560000e-13 -1.991963e+52 -1.972260e+52 1.881426e+52
479 9.580000e-13 -1.976059e+52 -1.956513e+52 1.866405e+52
480 9.600000e-13 -1.960282e+52 -1.940892e+52 1.851504e+52
481 9.620000e-13 -1.944631e+52 -1.925396e+52 1.836721e+52
482 9.640000e-13 -1.929105e+52 -1.910024e+52 1.822057e+52
483 9.660000e-13 -1.913704e+52 -1.894774e+52 1.807510e+52
484 9.680000e-13 -1.898425e+52 -1.879646e+52 1.793078e+52
485 9.700000e-13 -1.883267e+52 -1.864639e+52 1.778762e+52
486 9.720000e-13 -1.868231e+52 -1.849752e+52 1.764561e+52
487 9.740000e-13 -1.853316e+52 -1.834984e+52 1.750473e+52
488 9.760000e-13 -1.838519e+52 -1.820333e+52 1.736497e+52
489 9.780000e-13 -1.823840e+52 -1.805799e+52 1.722633e+52
490 9.800000e-13 -1.809278e+52 -1.791382e+52 1.708879e+52
491 9.820000e-13 -1.794833e+52 -1.777080e+52 1.695235e+52
492 9.840000e-13 -1.780503e+52 -1.762891e+52 1.681701e+52
493 9.860000e-13 -1.766288e+52 -1.748816e+52 1.668274e+52
494 9.880000e-13 -1.752158e+52 -1.734833e+52 1.654931e+52
495 9.900000e-13 -1.738143e+52 -1.720962e+52 1.641695e+52
496 9.920000e-13 -1.724266e+52 -1.707222e+52 1.628588e+52
497 9.940000e-13 -1.710499e+52 -1.693591e+52 1.615585e+52
498 9.960000e-13 -1.696843e+52 -1.680070e+52 1.602686e+52
499 9.980000e-13 -1.683295e+52 -1.666656e+52 1.589890e+52
500 1.000000e-12 -1.669856e+52 -1.653349e+52 1.577197e+52
501 1.002000e-12 -1.656523e+52 -1.640149e+52 1.564604e+52
502 1.004000e-12 -1.643298e+52 -1.627054e+52 1.552112e+52
503 1.006000e-12 -1.630178e+52 -1.614064e+52 1.539720e+52
504 1.008000e-12 -1.617162e+52 -1.601177e+52 1.527427e+52
505 1.010000e-12 -1.604251e+52 -1.588393e+52 1.515232e+52
506 1.012000e-12 -1.591443e+52 -1.575712e+52 1.503135e+52
507 1.014000e-12 -1.578736e+52 -1.563131e+52 1.491134e+52
508 1.016000e-12 -1.566132e+52 -1.550651e+52 1.479228e+52
509 1.018000e-12 -1.553628e+52 -1.538271e+52 1.467418e+52
510 1.020000e-12 -1.541224e+52 -1.525989e+52 1.455702e+52
511 1.022000e-12 -1.528919e+52 -1.513806e+52 1.444080e+52
512 1.024000e-12 -1.516712e+52 -1.501719e+52 1.432550e+52
513 1.026000e-12 -1.504602e+52 -1.489730e+52 1.421113e+52
514 1.028000e-12 -1.492589e+52 -1.477836e+52 1.409767e+52
515 1.030000e-12 -1.480673e+52 -1.466037e+52 1.398511e+52
516 1.032000e-12 -1.468851e+52 -1.454332e+52 1.387346e+52
517 1.034000e-12 -1.457124e+52 -1.442720e+52 1.376269e+52
518 1.036000e-12 -1.445490e+52 -1.431202e+52 1.365281e+52
519 1.038000e-12 -1.433949e+52 -1.419775e+52 1.354380e+52
520 1.040000e-12 -1.422501e+52 -1.408439e+52 1.343567e+52
521 1.042000e-12 -1.411143e+52 -1.397194e+52 1.332840e+52
522 1.044000e-12 -1.399877e+52 -1.386039e+52 1.322199e+52
523 1.046000e-12 -1.388700e+52 -1.374973e+52 1.311642e+52
524 1.048000e-12 -1.377613e+52 -1.363995e+52 1.301170e+52
525 1.050000e-12 -1.366614e+52 -1.353105e+52 1.290782e+52
526 1.052000e-12 -1.355703e+52 -1.342302e+52 1.280476e+52
527 1.054000e-12 -1.344879e+52 -1.331585e+52 1.270253e+52
528 1.056000e-12 -1.334141e+52 -1.320954e+52 1.260111e+52
529 1.058000e-12 -1.323490e+52 -1.310407e+52 1.250050e+52
530 1.060000e-12 -1.312923e+52 -1.299945e+52 1.240070e+52
531 1.062000e-12 -1.302440e+52 -1.289566e+52 1.230169e+52
532 1.064000e-12 -1.292042e+52 -1.279270e+52 1.220347e+52
533 1.066000e-12 -1.281726e+52 -1.269057e+52 1.210604e+52
534 1.068000e-12 -1.271493e+52 -1.258924e+52 1.200939e+52
535 1.070000e-12 -1.261341e+52 -1.248873e+52 1.191350e+52
536 1.072000e-12 -1.251271e+52 -1.238902e+52 1.181839e+52
537 1.074000e-12 -1.241281e+52 -1.229011e+52 1.172403e+52
538 1.076000e-12 -1.231370e+52 -1.219198e+52 1.163042e+52
539 1.078000e-12 -1.221539e+52 -1.209464e+52 1.153757e+52
540 1.080000e-12 -1.211786e+52 -1.199808e+52 1.144545e+52
541 1.082000e-12 -1.202111e+52 -1.190229e+52 1.135407e+52
542 1.084000e-12 -1.192514e+52 -1.180726e+52 1.126342e+52
543 1.086000e-12 -1.182993e+52 -1.171299e+52 1.117349e+52
544 1.088000e-12 -1.173548e+52 -1.161947e+52 1.108428e+52
545 1.090000e-12 -1.164178e+52 -1.152670e+52 1.099579e+52
546 1.092000e-12 -1.154883e+52 -1.143467e+52 1.090800e+52
547 1.094000e-12 -1.145663e+52 -1.134338e+52 1.082091e+52
548 1.096000e-12 -1.136516e+52 -1.125281e+52 1.073451e+52
549 1.098000e-12 -1.127442e+52 -1.116297e+52 1.064881e+52
550 1.100000e-12 -1.118440e+52 -1.107385e+52 1.056379e+52
551 1.102000e-12 -1.109510e+52 -1.098543e+52 1.047945e+52
552 1.104000e-12 -1.100652e+52 -1.089773e+52 1.039578e+52
553 1.106000e-12 -1.091865e+52 -1.081072e+52 1.031278e+52
554 1.108000e-12 -1.083147e+52 -1.072440e+52 1.023044e+52
555 1.110000e-12 -1.074499e+52 -1.063878e+52 1.014876e+52
556 1.112000e-12 -1.065920e+52 -1.055384e+52 1.006773e+52
557 1.114000e-12 -1.057410e+52 -1.046958e+52 9.987353e+51
558 1.116000e-12 -1.048968e+52 -1.038599e+52 9.907614e+51
559 1.118000e-12 -1.040593e+52 -1.030307e+52 9.828511e+51
560 1.120000e-12 -1.032285e+52 -1.022081e+52 9.750041e+51
561 1.122000e-12 -1.024043e+52 -1.013921e+52 9.672196e+51
562 1.124000e-12 -1.015867e+52 -1.005825e+52 9.594973e+51
563 1.126000e-12 -1.007756e+52 -9.977949e+51 9.518367e+51
564 1.128000e-12 -9.997104e+51 -9.898285e+51 9.442372e+51
565 1.130000e-12 -9.917287e+51 -9.819257e+51 9.366985e+51
566 1.132000e-12 -9.838108e+51 -9.740860e+51 9.292199e+51
567 1.134000e-12 -9.759560e+51 -9.663089e+51 9.218010e+51
568 1.136000e-12 -9.681640e+51 -9.585939e+51 9.144413e+51
569 1.138000e-12 -9.604342e+51 -9.509405e+51 9.071404e+51
570 1.140000e-12 -9.527661e+51 -9.433482e+51 8.998978e+51
571 1.142000e-12 -9.451592e+51 -9.358165e+51 8.927130e+51
572 1.144000e-12 -9.376130e+51 -9.283450e+51 8.855856e+51
573 1.146000e-12 -9.301271e+51 -9.209330e+51 8.785151e+51
574 1.148000e-12 -9.227010e+51 -9.135803e+51 8.715010e+51
575 1.150000e-12 -9.153341e+51 -9.062863e+51 8.645429e+51
576 1.152000e-12 -9.080261e+51 -8.990505e+51 8.576404e+51
577 1.154000e-12 -9.007764e+51 -8.918725e+51 8.507930e+51
578 1.156000e-12 -8.935846e+51 -8.847518e+51 8.440003e+51
579 1.158000e-12 -8.864503e+51 -8.776879e+51 8.372618e+51
580 1.160000e-12 -8.793728e+51 -8.706805e+51 8.305771e+51
581 1.162000e-12 -8.723519e+51 -8.637289e+51 8.239458e+51
582 1.164000e-12 -8.653871e+51 -8.568329e+51 8.173674e+51
583 1.166000e-12 -8.584778e+51 -8.499920e+51 8.108415e+51
584 1.168000e-12 -8.516237e+51 -8.432056e+51 8.043678e+51
585 1.170000e-12 -8.448244e+51 -8.364735e+51 7.979457e+51
586 1.172000e-12 -8.380793e+51 -8.297951e+51 7.915749e+51
587 1.174000e-12 -8.313881e+51 -8.231700e+51 7.852550e+51
588 1.176000e-12 -8.247503e+51 -8.165978e+51 7.789855e+51
589 1.178000e-12 -8.181655e+51 -8.100781e+51 7.727661e+51
590 1.180000e-12 -8.116332e+51 -8.036104e+51 7.665963e+51
591 1.182000e-12 -8.051531e+51 -7.971944e+51 7.604758e+51
592 1.184000e-12 -7.987248e+51 -7.908296e+51 7.544042e+51
593 1.186000e-12 -7.923478e+51 -7.845156e+51 7.483810e+51
594 1.188000e-12 -7.860217e+51 -7.782520e+51 7.424059e+51
595 1.190000e-12 -7.797461e+51 -7.720385e+51 7.364786e+51
596 1.192000e-12 -7.735206e+51 -7.658745e+51 7.305985e+51
597 1.194000e-12 -7.673448e+51 -7.597598e+51 7.247654e+51
598 1.196000e-12 -7.612183e+51 -7.536939e+51 7.189789e+51
599 1.198000e-12 -7.551408e+51 -7.476764e+51 7.132386e+51
600 1.200000e-12 -7.491117e+51 -7.417069e+51 7.075441e+51
601 1.202000e-12 -7.431308e+51 -7.357851e+51 7.018950e+51
602 1.204000e-12 -7.371976e+51 -7.299106e+51 6.962911e+51
603 1.206000e-12 -7.313119e+51 -7.240830e+51 6.907319e+51
604 1.208000e-12 -7.255805e+51 -7.185518e+51 6.853452e+51
605 1.210000e-12 -7.201070e+51 -7.135585e+51 6.802546e+51
606 1.212000e-12 -7.143577e+51 -7.078615e+51 6.748235e+51
607 1.214000e-12 -7.086543e+51 -7.022099e+51 6.694357e+51
608 1.216000e-12 -7.029964e+51 -6.966035e+51 6.640909e+51
609 1.218000e-12 -6.973837e+51 -6.910418e+51 6.587888e+51
610 1.220000e-12 -6.918157e+51 -6.855245e+51 6.535290e+51
611 1.222000e-12 -6.862923e+51 -6.800513e+51 6.483113e+51
612 1.224000e-12 -6.808129e+51 -6.746217e+51 6.431352e+51
613 1.226000e-12 -6.753773e+51 -6.692356e+51 6.380004e+51
614 1.228000e-12 -6.699851e+51 -6.638924e+51 6.329066e+51
615 1.230000e-12 -6.646359e+51 -6.585919e+51 6.278534e+51
616 1.232000e-12 -6.593295e+51 -6.533337e+51 6.228407e+51
617 1.234000e-12 -6.540654e+51 -6.481175e+51 6.178679e+51
618 1.236000e-12 -6.488433e+51 -6.429429e+51 6.129348e+51
619 1.238000e-12 -6.436630e+51 -6.378096e+51 6.080412e+51
620 1.240000e-12 -6.385240e+51 -6.327174e+51 6.031866e+51
621 1.242000e-12 -6.334260e+51 -6.276657e+51 5.983707e+51
622 1.244000e-12 -6.283687e+51 -6.226545e+51 5.935933e+51
623 1.246000e-12 -6.233518e+51 -6.176832e+51 5.888541e+51
624 1.248000e-12 -6.183750e+51 -6.127516e+51 5.841527e+51
625 1.250000e-12 -6.134379e+51 -6.078594e+51 5.794888e+51
626 1.252000e-12 -6.085402e+51 -6.030062e+51 5.748622e+51
627 1.254000e-12 -6.036816e+51 -5.981918e+51 5.702725e+51
628 1.256000e-12 -5.988618e+51 -5.934159e+51 5.657194e+51
629 1.258000e-12 -5.940805e+51 -5.886780e+51 5.612027e+51
630 1.260000e-12 -5.893374e+51 -5.839780e+51 5.567221e+51
631 1.262000e-12 -5.846321e+51 -5.793156e+51 5.522772e+51
632 1.264000e-12 -5.799644e+51 -5.746903e+51 5.478678e+51
633 1.266000e-12 -5.753340e+51 -5.701020e+51 5.434936e+51
634 1.268000e-12 -5.707405e+51 -5.655503e+51 5.391544e+51
635 1.270000e-12 -5.661837e+51 -5.610349e+51 5.348498e+51
636 1.272000e-12 -5.616633e+51 -5.565556e+51 5.305795e+51
637 1.274000e-12 -5.571790e+51 -5.521121e+51 5.263434e+51
638 1.276000e-12 -5.527305e+51 -5.477040e+51 5.221411e+51
639 1.278000e-12 -5.483175e+51 -5.433312e+51 5.179723e+51
640 1.280000e-12 -5.439397e+51 -5.389932e+51 5.138368e+51
641 1.282000e-12 -5.395969e+51 -5.346899e+51 5.097343e+51
642 1.284000e-12 -5.352887e+51 -5.304209e+51 5.056646e+51
643 1.286000e-12 -5.310150e+51 -5.261860e+51 5.016274e+51
644 1.288000e-12 -5.267754e+51 -5.219850e+51 4.976224e+51
645 1.290000e-12 -5.225696e+51 -5.178174e+51 4.936494e+51
646 1.292000e-12 -5.183974e+51 -5.136832e+51 4.897081e+51
647 1.294000e-12 -5.142585e+51 -5.095819e+51 4.857982e+51
648 1.296000e-12 -5.101527e+51 -5.055134e+51 4.819196e+51
649 1.298000e-12 -5.060796e+51 -5.014774e+51 4.780720e+51
650 1.300000e-12 -5.020391e+51 -4.974736e+51 4.742551e+51
651 1.302000e-12 -4.980308e+51 -4.935018e+51 4.704686e+51
652 1.304000e-12 -4.940545e+51 -4.895617e+51 4.667124e+51
653 1.306000e-12 -4.901100e+51 -4.856530e+51 4.629861e+51
654 1.308000e-12 -4.861969e+51 -4.817756e+51 4.592897e+51
655 1.310000e-12 -4.823151e+51 -4.779291e+51 4.556227e+51
656 1.312000e-12 -4.784643e+51 -4.741133e+51 4.519850e+51
657 1.314000e-12 -4.746443e+51 -4.703280e+51 4.483764e+51
658 1.316000e-12 -4.708547e+51 -4.665729e+51 4.447965e+51
659 1.318000e-12 -4.670954e+51 -4.628477e+51 4.412453e+51
660 1.320000e-12 -4.633661e+51 -4.591524e+51 4.377224e+51
661 1.322000e-12 -4.596666e+51 -4.554865e+51 4.342276e+51
662 1.324000e-12 -4.559966e+51 -4.518499e+51 4.307607e+51
663 1.326000e-12 -4.523499e+51 -4.482324e+51 4.273488e+51
664 1.328000e-12 -4.487204e+51 -4.446241e+51 4.240182e+51
665 1.330000e-12 -4.451378e+51 -4.410742e+51 4.206328e+51
666 1.332000e-12 -4.415839e+51 -4.375527e+51 4.172745e+51
667 1.334000e-12 -4.380583e+51 -4.340593e+51 4.139430e+51
668 1.336000e-12 -4.345608e+51 -4.305937e+51 4.106380e+51
669 1.338000e-12 -4.310913e+51 -4.271559e+51 4.073595e+51
670 1.340000e-12 -4.276494e+51 -4.237455e+51 4.041072e+51
671 1.342000e-12 -4.242351e+51 -4.203623e+51 4.008808e+51
672 1.344000e-12 -4.208480e+51 -4.170061e+51 3.976801e+51
673 1.346000e-12 -4.174879e+51 -4.136767e+51 3.945051e+51
674 1.348000e-12 -4.141547e+51 -4.103739e+51 3.913553e+51
675 1.350000e-12 -4.108481e+51 -4.070975e+51 3.882307e+51
676 1.352000e-12 -4.075679e+51 -4.038472e+51 3.851311e+51
677 1.354000e-12 -4.043139e+51 -4.006229e+51 3.820562e+51
678 1.356000e-12 -4.010858e+51 -3.974243e+51 3.790059e+51
679 1.358000e-12 -3.978836e+51 -3.942513e+51 3.759799e+51
680 1.360000e-12 -3.947069e+51 -3.911036e+51 3.729781e+51
681 1.362000e-12 -3.915555e+51 -3.879810e+51 3.700002e+51
682 1.364000e-12 -3.884293e+51 -3.848834e+51 3.670461e+51
683 1.366000e-12 -3.853281e+51 -3.818105e+51 3.641156e+51
684 1.368000e-12 -3.822517e+51 -3.787621e+51 3.612085e+51
685 1.370000e-12 -3.791998e+51 -3.757381e+51 3.583247e+51
686 1.372000e-12 -3.761722e+51 -3.727382e+51 3.554638e+51
687 1.374000e-12 -3.731689e+51 -3.697622e+51 3.526258e+51
688 1.376000e-12 -3.701895e+51 -3.668101e+51 3.498104e+51
689 1.378000e-12 -3.672339e+51 -3.638814e+51 3.470175e+51
690 1.380000e-12 -3.643019e+51 -3.609762e+51 3.442469e+51
691 1.382000e-12 -3.613933e+51 -3.580942e+51 3.414985e+51
692 1.384000e-12 -3.585080e+51 -3.552352e+51 3.387719e+51
693 1.386000e-12 -3.556456e+51 -3.523990e+51 3.360672e+51
694 1.388000e-12 -3.528062e+51 -3.495854e+51 3.333840e+51
695 1.390000e-12 -3.499893e+51 -3.467943e+51 3.307223e+51
696 1.392000e-12 -3.471950e+51 -3.440255e+51 3.280818e+51
697 1.394000e-12 -3.444230e+51 -3.412788e+51 3.254624e+51
698 1.396000e-12 -3.416732e+51 -3.385540e+51 3.228639e+51
699 1.398000e-12 -3.389452e+51 -3.358510e+51 3.202862e+51
700 1.400000e-12 -3.362391e+51 -3.331696e+51 3.177290e+51
701 1.402000e-12 -3.335546e+51 -3.305096e+51 3.151922e+51
702 1.404000e-12 -3.308915e+51 -3.278708e+51 3.126757e+51
703 1.406000e-12 -3.282496e+51 -3.252531e+51 3.101793e+51
704 1.408000e-12 -3.256289e+51 -3.226562e+51 3.077029e+51
705 1.410000e-12 -3.230291e+51 -3.200802e+51 3.052462e+51
706 1.412000e-12 -3.204500e+51 -3.175246e+51 3.028091e+51
707 1.414000e-12 -3.178915e+51 -3.149895e+51 3.003915e+51
708 1.416000e-12 -3.153535e+51 -3.124746e+51 2.979931e+51
709 1.418000e-12 -3.128357e+51 -3.099798e+51 2.956140e+51
710 1.420000e-12 -3.103380e+51 -3.075050e+51 2.932538e+51
711 1.422000e-12 -3.078603e+51 -3.050498e+51 2.909124e+51
712 1.424000e-12 -3.054023e+51 -3.026143e+51 2.885898e+51
713 1.426000e-12 -3.029640e+51 -3.001983e+51 2.862857e+51
714 1.428000e-12 -3.005451e+51 -2.978015e+51 2.840000e+51
715 1.430000e-12 -2.981456e+51 -2.954238e+51 2.817325e+51
716 1.432000e-12 -2.957652e+51 -2.930652e+51 2.794832e+51
717 1.434000e-12 -2.934038e+51 -2.907253e+51 2.772518e+51
718 1.436000e-12 -2.910613e+51 -2.884042e+51 2.750382e+51
719 1.438000e-12 -2.887374e+51 -2.861016e+51 2.728423e+51
720 1.440000e-12 -2.864321e+51 -2.838173e+51 2.706639e+51
721 1.442000e-12 -2.841453e+51 -2.815513e+51 2.685029e+51
722 1.444000e-12 -2.818766e+51 -2.793034e+51 2.663592e+51
723 1.446000e-12 -2.796261e+51 -2.770735e+51 2.642326e+51
724 1.448000e-12 -2.773936e+51 -2.748613e+51 2.621230e+51
725 1.450000e-12 -2.751789e+51 -2.726668e+51 2.600302e+51
726 1.452000e-12 -2.729819e+51 -2.704898e+51 2.579541e+51
727 1.454000e-12 -2.708024e+51 -2.683303e+51 2.558946e+51
728 1.456000e-12 -2.686403e+51 -2.661879e+51 2.538515e+51
729 1.458000e-12 -2.664955e+51 -2.640627e+51 2.518248e+51
730 1.460000e-12 -2.643678e+51 -2.619544e+51 2.498142e+51
731 1.462000e-12 -2.622571e+51 -2.598629e+51 2.478197e+51
732 1.464000e-12 -2.601632e+51 -2.577882e+51 2.458411e+51
733 1.466000e-12 -2.580861e+51 -2.557300e+51 2.438783e+51
734 1.468000e-12 -2.560255e+51 -2.536883e+51 2.419312e+51
735 1.470000e-12 -2.539814e+51 -2.516628e+51 2.399996e+51
736 1.472000e-12 -2.519536e+51 -2.496535e+51 2.380834e+51
737 1.474000e-12 -2.499420e+51 -2.476603e+51 2.361826e+51
738 1.476000e-12 -2.479465e+51 -2.456830e+51 2.342969e+51
739 1.478000e-12 -2.459669e+51 -2.437215e+51 2.324263e+51
740 1.480000e-12 -2.440031e+51 -2.417756e+51 2.305706e+51
741 1.482000e-12 -2.420549e+51 -2.398452e+51 2.287297e+51
742 1.484000e-12 -2.401224e+51 -2.379303e+51 2.269035e+51
743 1.486000e-12 -2.382052e+51 -2.360307e+51 2.250919e+51
744 1.488000e-12 -2.363034e+51 -2.341462e+51 2.232948e+51
745 1.490000e-12 -2.344168e+51 -2.322768e+51 2.215120e+51
746 1.492000e-12 -2.325452e+51 -2.304223e+51 2.197435e+51
747 1.494000e-12 -2.306885e+51 -2.285826e+51 2.179890e+51
748 1.496000e-12 -2.288467e+51 -2.267576e+51 2.162486e+51
749 1.498000e-12 -2.270196e+51 -2.249472e+51 2.145221e+51
750 1.500000e-12 -2.252071e+51 -2.231512e+51 2.128093e+51
751 1.502000e-12 -2.234090e+51 -2.213696e+51 2.111103e+51
752 1.504000e-12 -2.216253e+51 -2.196021e+51 2.094247e+51
753 1.506000e-12 -2.198559e+51 -2.178488e+51 2.077527e+51
754 1.508000e-12 -2.181005e+51 -2.161095e+51 2.060940e+51
755 1.510000e-12 -2.163592e+51 -2.143841e+51 2.044485e+51
756 1.512000e-12 -2.146318e+51 -2.126725e+51 2.028162e+51
757 1.514000e-12 -2.129182e+51 -2.109745e+51 2.011969e+51
758 1.516000e-12 -2.112183e+51 -2.092901e+51 1.995906e+51
759 1.518000e-12 -2.095319e+51 -2.076191e+51 1.979971e+51
760 1.520000e-12 -2.078590e+51 -2.059615e+51 1.964163e+51
761 1.522000e-12 -2.061994e+51 -2.043171e+51 1.948481e+51
762 1.524000e-12 -2.045531e+51 -2.026858e+51 1.932924e+51
763 1.526000e-12 -2.029200e+51 -2.010676e+51 1.917491e+51
764 1.528000e-12 -2.012999e+51 -1.994622e+51 1.902182e+51
765 1.530000e-12 -1.996927e+51 -1.978697e+51 1.886995e+51
766 1.532000e-12 -1.980984e+51 -1.962899e+51 1.871929e+51
767 1.534000e-12 -1.965167e+51 -1.947228e+51 1.856984e+51
768 1.536000e-12 -1.949477e+51 -1.931681e+51 1.842158e+51
769 1.538000e-12 -1.933913e+51 -1.916258e+51 1.827450e+51
770 1.540000e-12 -1.918472e+51 -1.900959e+51 1.812860e+51
771 1.542000e-12 -1.903155e+51 -1.885782e+51 1.798386e+51
772 1.544000e-12 -1.887961e+51 -1.870726e+51 1.784027e+51
773 1.546000e-12 -1.872887e+51 -1.855790e+51 1.769784e+51
774 1.548000e-12 -1.857934e+51 -1.840973e+51 1.755654e+51
775 1.550000e-12 -1.843100e+51 -1.826275e+51 1.741637e+51
776 1.552000e-12 -1.828385e+51 -1.811694e+51 1.727731e+51
777 1.554000e-12 -1.813787e+51 -1.797229e+51 1.713937e+51
778 1.556000e-12 -1.799306e+51 -1.782880e+51 1.700253e+51
779 1.558000e-12 -1.784940e+51 -1.768646e+51 1.686678e+51
780 1.560000e-12 -1.770689e+51 -1.754525e+51 1.673212e+51
781 1.562000e-12 -1.756552e+51 -1.740517e+51 1.659853e+51
782 1.564000e-12 -1.742528e+51 -1.726620e+51 1.646601e+51
783 1.566000e-12 -1.728615e+51 -1.712835e+51 1.633454e+51
784 1.568000e-12 -1.714814e+51 -1.699160e+51 1.620413e+51
785 1.570000e-12 -1.701123e+51 -1.685594e+51 1.607475e+51
786 1.572000e-12 -1.687541e+51 -1.672136e+51 1.594641e+51
787 1.574000e-12 -1.674068e+51 -1.658786e+51 1.581910e+51
788 1.576000e-12 -1.660702e+51 -1.645542e+51 1.569280e+51
789 1.578000e-12 -1.647443e+51 -1.632404e+51 1.556751e+51
790 1.580000e-12 -1.634290e+51 -1.619371e+51 1.544322e+51
791 1.582000e-12 -1.621242e+51 -1.606442e+51 1.531992e+51
792 1.584000e-12 -1.608298e+51 -1.593616e+51 1.519760e+51
793 1.586000e-12 -1.595457e+51 -1.580892e+51 1.507626e+51
794 1.588000e-12 -1.582719e+51 -1.568271e+51 1.495590e+51
795 1.590000e-12 -1.570083e+51 -1.555749e+51 1.483649e+51
796 1.592000e-12 -1.557547e+51 -1.543328e+51 1.471803e+51
797 1.594000e-12 -1.545112e+51 -1.531006e+51 1.460052e+51
798 1.596000e-12 -1.532775e+51 -1.518783e+51 1.448395e+51
799 1.598000e-12 -1.520538e+51 -1.506657e+51 1.436831e+51
800 1.600000e-12 -1.508398e+51 -1.494628e+51 1.425360e+51
801 1.602000e-12 -1.496355e+51 -1.482695e+51 1.413980e+51
802 1.604000e-12 -1.484408e+51 -1.470857e+51 1.402690e+51
803 1.606000e-12 -1.472556e+51 -1.459114e+51 1.391491e+51
804 1.608000e-12 -1.460799e+51 -1.447464e+51 1.380382e+51
805 1.610000e-12 -1.449136e+51 -1.435907e+51 1.369361e+51
806 1.612000e-12 -1.437566e+51 -1.424443e+51 1.358428e+51
807 1.614000e-12 -1.426089e+51 -1.413070e+51 1.347582e+51
808 1.616000e-12 -1.414703e+51 -1.401788e+51 1.336823e+51
809 1.618000e-12 -1.403408e+51 -1.390597e+51 1.326150e+51
810 1.620000e-12 -1.392203e+51 -1.379494e+51 1.315562e+51
811 1.622000e-12 -1.381088e+51 -1.368480e+51 1.305058e+51
812 1.624000e-12 -1.370061e+51 -1.357554e+51 1.294639e+51
813 1.626000e-12 -1.359123e+51 -1.346715e+51 1.284302e+51
814 1.628000e-12 -1.348272e+51 -1.335963e+51 1.274049e+51
815 1.630000e-12 -1.337507e+51 -1.325297e+51 1.263877e+51
816 1.632000e-12 -1.326828e+51 -1.314716e+51 1.253786e+51
817 1.634000e-12 -1.316235e+51 -1.304219e+51 1.243775e+51
818 1.636000e-12 -1.305726e+51 -1.293806e+51 1.233845e+51
819 1.638000e-12 -1.295301e+51 -1.283476e+51 1.223994e+51
820 1.640000e-12 -1.284959e+51 -1.273229e+51 1.214222e+51
821 1.642000e-12 -1.274700e+51 -1.263064e+51 1.204527e+51
822 1.644000e-12 -1.264523e+51 -1.252979e+51 1.194911e+51
823 1.646000e-12 -1.254427e+51 -1.242976e+51 1.185370e+51
824 1.648000e-12 -1.244412e+51 -1.233052e+51 1.175906e+51
825 1.650000e-12 -1.234476e+51 -1.223207e+51 1.166518e+51
826 1.652000e-12 -1.224620e+51 -1.213441e+51 1.157204e+51
827 1.654000e-12 -1.214843e+51 -1.203753e+51 1.147965e+51
828 1.656000e-12 -1.205144e+51 -1.194142e+51 1.138800e+51
829 1.658000e-12 -1.195522e+51 -1.184608e+51 1.129708e+51
830 1.660000e-12 -1.185977e+51 -1.175150e+51 1.120688e+51
831 1.662000e-12 -1.176508e+51 -1.165768e+51 1.111741e+51
832 1.664000e-12 -1.167115e+51 -1.156460e+51 1.102864e+51
833 1.666000e-12 -1.157796e+51 -1.147227e+51 1.094059e+51
834 1.668000e-12 -1.148553e+51 -1.138068e+51 1.085324e+51
835 1.670000e-12 -1.139383e+51 -1.128981e+51 1.076659e+51
836 1.672000e-12 -1.130286e+51 -1.119967e+51 1.068063e+51
837 1.674000e-12 -1.121262e+51 -1.111026e+51 1.059536e+51
838 1.676000e-12 -1.112309e+51 -1.102155e+51 1.051076e+51
839 1.678000e-12 -1.103429e+51 -1.093356e+51 1.042684e+51
840 1.680000e-12 -1.094619e+51 -1.084626e+51 1.034360e+51
841 1.682000e-12 -1.085879e+51 -1.075967e+51 1.026101e+51
842 1.684000e-12 -1.077210e+51 -1.067376e+51 1.017909e+51
843 1.686000e-12 -1.068609e+51 -1.058854e+51 1.009782e+51
844 1.688000e-12 -1.060078e+51 -1.050400e+51 1.001720e+51
845 1.690000e-12 -1.051614e+51 -1.042014e+51 9.937221e+50
846 1.692000e-12 -1.043218e+51 -1.033694e+51 9.857882e+50
847 1.694000e-12 -1.034889e+51 -1.025441e+51 9.779177e+50
848 1.696000e-12 -1.026626e+51 -1.017254e+51 9.701100e+50
849 1.698000e-12 -1.018430e+51 -1.009133e+51 9.623646e+50
850 1.700000e-12 -1.010299e+51 -1.001076e+51 9.546811e+50
851 1.702000e-12 -1.002232e+51 -9.930831e+50 9.470589e+50
852 1.704000e-12 -9.942305e+50 -9.851543e+50 9.394976e+50
853 1.706000e-12 -9.862926e+50 -9.772888e+50 9.319967e+50
854 1.708000e-12 -9.784180e+50 -9.694861e+50 9.245556e+50
855 1.710000e-12 -9.706063e+50 -9.617458e+50 9.171740e+50
856 1.712000e-12 -9.628570e+50 -9.540672e+50 9.098512e+50
857 1.714000e-12 -9.551695e+50 -9.464499e+50 9.025870e+50
858 1.716000e-12 -9.475435e+50 -9.388935e+50 8.953807e+50
859 1.718000e-12 -9.399783e+50 -9.313973e+50 8.882320e+50
860 1.720000e-12 -9.324735e+50 -9.239611e+50 8.811404e+50
861 1.722000e-12 -9.250286e+50 -9.165841e+50 8.741053e+50
862 1.724000e-12 -9.176432e+50 -9.092661e+50 8.671265e+50
863 1.726000e-12 -9.103167e+50 -9.020066e+50 8.602034e+50
864 1.728000e-12 -9.030488e+50 -8.948049e+50 8.533355e+50
865 1.730000e-12 -8.958388e+50 -8.876608e+50 8.465225e+50
866 1.732000e-12 -8.886864e+50 -8.805737e+50 8.397638e+50
867 1.734000e-12 -8.815912e+50 -8.735432e+50 8.330592e+50
868 1.736000e-12 -8.745525e+50 -8.665689e+50 8.264080e+50
869 1.738000e-12 -8.675701e+50 -8.596502e+50 8.198100e+50
870 1.740000e-12 -8.606434e+50 -8.527867e+50 8.132646e+50
871 1.742000e-12 -8.537721e+50 -8.459781e+50 8.067715e+50
872 1.744000e-12 -8.469555e+50 -8.392238e+50 8.003302e+50
873 1.746000e-12 -8.401935e+50 -8.325234e+50 7.939404e+50
874 1.748000e-12 -8.334853e+50 -8.258766e+50 7.876016e+50
875 1.750000e-12 -8.268308e+50 -8.192828e+50 7.813134e+50
876 1.752000e-12 -8.202294e+50 -8.127416e+50 7.750754e+50
877 1.754000e-12 -8.136807e+50 -8.062527e+50 7.688872e+50
878 1.756000e-12 -8.071842e+50 -7.998156e+50 7.627484e+50
879 1.758000e-12 -8.007397e+50 -7.934298e+50 7.566586e+50
880 1.760000e-12 -7.943466e+50 -7.870951e+50 7.506174e+50
881 1.762000e-12 -7.880045e+50 -7.808109e+50 7.446245e+50
882 1.764000e-12 -7.817131e+50 -7.745769e+50 7.386794e+50
883 1.766000e-12 -7.754719e+50 -7.683927e+50 7.327818e+50
884 1.768000e-12 -7.692805e+50 -7.622579e+50 7.269313e+50
885 1.770000e-12 -7.631386e+50 -7.561720e+50 7.211274e+50
886 1.772000e-12 -7.570457e+50 -7.501347e+50 7.153700e+50
887 1.774000e-12 -7.510014e+50 -7.441456e+50 7.096584e+50
888 1.776000e-12 -7.450054e+50 -7.382044e+50 7.039925e+50
889 1.778000e-12 -7.390573e+50 -7.323106e+50 6.983719e+50
890 1.780000e-12 -7.331567e+50 -7.264638e+50 6.927961e+50
891 1.782000e-12 -7.273032e+50 -7.206637e+50 6.872648e+50
892 1.784000e-12 -7.214964e+50 -7.149099e+50 6.817777e+50
893 1.786000e-12 -7.157359e+50 -7.092021e+50 6.763343e+50
894 1.788000e-12 -7.100215e+50 -7.035398e+50 6.709345e+50
895 1.790000e-12 -7.043527e+50 -6.979227e+50 6.655777e+50
896 1.792000e-12 -6.987323e+50 -6.924055e+50 6.602676e+50
897 1.794000e-12 -6.931631e+50 -6.870410e+50 6.550074e+50
898 1.796000e-12 -6.876288e+50 -6.815557e+50 6.497778e+50
899 1.798000e-12 -6.821388e+50 -6.761141e+50 6.445900e+50
900 1.800000e-12 -6.766926e+50 -6.707160e+50 6.394436e+50
901 1.802000e-12 -6.712899e+50 -6.653610e+50 6.343383e+50
902 1.804000e-12 -6.659303e+50 -6.600488e+50 6.292737e+50
903 1.806000e-12 -6.606135e+50 -6.547790e+50 6.242496e+50
904 1.808000e-12 -6.553392e+50 -6.495512e+50 6.192656e+50
905 1.810000e-12 -6.501070e+50 -6.443652e+50 6.143214e+50
906 1.812000e-12 -6.449165e+50 -6.392207e+50 6.094166e+50
907 1.814000e-12 -6.397676e+50 -6.341174e+50 6.045511e+50
908 1.816000e-12 -6.346597e+50 -6.290546e+50 5.997244e+50
909 1.818000e-12 -6.295925e+50 -6.240322e+50 5.949362e+50
910 1.820000e-12 -6.245659e+50 -6.190500e+50 5.901862e+50
911 1.822000e-12 -6.195793e+50 -6.141075e+50 5.854742e+50
912 1.824000e-12 -6.146326e+50 -6.092044e+50 5.807997e+50
913 1.826000e-12 -6.097254e+50 -6.043405e+50 5.761626e+50
914 1.828000e-12 -6.048573e+50 -5.995155e+50 5.715625e+50
915 1.830000e-12 -6.000282e+50 -5.947290e+50 5.669992e+50
916 1.832000e-12 -5.952375e+50 -5.899806e+50 5.624723e+50
917 1.834000e-12 -5.904852e+50 -5.852702e+50 5.579815e+50
918 1.836000e-12 -5.857707e+50 -5.805974e+50 5.535266e+50
919 1.838000e-12 -5.810939e+50 -5.759619e+50 5.491072e+50
920 1.840000e-12 -5.764545e+50 -5.713635e+50 5.447231e+50
921 1.842000e-12 -5.718521e+50 -5.668017e+50 5.403741e+50
922 1.844000e-12 -5.672864e+50 -5.622764e+50 5.360597e+50
923 1.846000e-12 -5.627572e+50 -5.577871e+50 5.317798e+50
924 1.848000e-12 -5.582641e+50 -5.533338e+50 5.275341e+50
925 1.850000e-12 -5.538070e+50 -5.489159e+50 5.233223e+50
926 1.852000e-12 -5.493854e+50 -5.445334e+50 5.191440e+50
927 1.854000e-12 -5.449991e+50 -5.401858e+50 5.149992e+50
928 1.856000e-12 -5.406478e+50 -5.358730e+50 5.108874e+50
929 1.858000e-12 -5.363313e+50 -5.315946e+50 5.068085e+50
930 1.860000e-12 -5.320492e+50 -5.273503e+50 5.027622e+50
931 1.862000e-12 -5.278013e+50 -5.231400e+50 4.987481e+50
932 1.864000e-12 -5.235873e+50 -5.189632e+50 4.947661e+50
933 1.866000e-12 -5.194070e+50 -5.148198e+50 4.908159e+50
934 1.868000e-12 -5.152601e+50 -5.107095e+50 4.868972e+50
935 1.870000e-12 -5.111462e+50 -5.066320e+50 4.830098e+50
936 1.872000e-12 -5.070653e+50 -5.025871e+50 4.791535e+50
937 1.874000e-12 -5.030168e+50 -4.985744e+50 4.753279e+50
938 1.876000e-12 -4.990008e+50 -4.945938e+50 4.715329e+50
939 1.878000e-12 -4.950167e+50 -4.906449e+50 4.677682e+50
940 1.880000e-12 -4.910645e+50 -4.867276e+50 4.640335e+50
941 1.882000e-12 -4.871439e+50 -4.828416e+50 4.603287e+50
942 1.884000e-12 -4.832545e+50 -4.789866e+50 4.566534e+50
943 1.886000e-12 -4.793962e+50 -4.751624e+50 4.530075e+50
944 1.888000e-12 -4.755687e+50 -4.713687e+50 4.493907e+50
945 1.890000e-12 -4.717718e+50 -4.676053e+50 4.458027e+50
946 1.892000e-12 -4.680051e+50 -4.638719e+50 4.422435e+50
947 1.894000e-12 -4.642688e+50 -4.601683e+50 4.387126e+50
948 1.896000e-12 -4.605628e+50 -4.564942e+50 4.352098e+50
949 1.898000e-12 -4.568857e+50 -4.528496e+50 4.317351e+50
950 1.900000e-12 -4.532379e+50 -4.492340e+50 4.282881e+50
951 1.902000e-12 -4.496192e+50 -4.456473e+50 4.248687e+50
952 1.904000e-12 -4.460295e+50 -4.420893e+50 4.214765e+50
953 1.906000e-12 -4.424684e+50 -4.385597e+50 4.181115e+50
954 1.908000e-12 -4.389357e+50 -4.350582e+50 4.147733e+50
955 1.910000e-12 -4.354313e+50 -4.315847e+50 4.114617e+50
956 1.912000e-12 -4.319548e+50 -4.281389e+50 4.081766e+50
957 1.914000e-12 -4.285060e+50 -4.247207e+50 4.049177e+50
958 1.916000e-12 -4.250849e+50 -4.213297e+50 4.016849e+50
959 1.918000e-12 -4.216910e+50 -4.179658e+50 3.984778e+50
960 1.920000e-12 -4.183242e+50 -4.146287e+50 3.952964e+50
961 1.922000e-12 -4.149843e+50 -4.113183e+50 3.921403e+50
962 1.924000e-12 -4.116711e+50 -4.080344e+50 3.890095e+50
963 1.926000e-12 -4.083843e+50 -4.047766e+50 3.859036e+50
964 1.928000e-12 -4.051237e+50 -4.015449e+50 3.828226e+50
965 1.930000e-12 -4.018892e+50 -3.983390e+50 3.797661e+50
966 1.932000e-12 -3.986806e+50 -3.951586e+50 3.767341e+50
967 1.934000e-12 -3.954975e+50 -3.920037e+50 3.737262e+50
968 1.936000e-12 -3.923398e+50 -3.888739e+50 3.707424e+50
969 1.938000e-12 -3.892074e+50 -3.857692e+50 3.677824e+50
970 1.940000e-12 -3.861000e+50 -3.826892e+50 3.648460e+50
971 1.942000e-12 -3.830173e+50 -3.796338e+50 3.619331e+50
972 1.944000e-12 -3.799593e+50 -3.766028e+50 3.590434e+50
973 1.946000e-12 -3.769257e+50 -3.735960e+50 3.561768e+50
974 1.948000e-12 -3.739163e+50 -3.706132e+50 3.533331e+50
975 1.950000e-12 -3.709310e+50 -3.676542e+50 3.505121e+50
976 1.952000e-12 -3.679695e+50 -3.647189e+50 3.477136e+50
977 1.954000e-12 -3.650316e+50 -3.618069e+50 3.449374e+50
978 1.956000e-12 -3.621172e+50 -3.589183e+50 3.421835e+50
979 1.958000e-12 -3.592261e+50 -3.560527e+50 3.394515e+50
980 1.960000e-12 -3.563580e+50 -3.532099e+50 3.367413e+50
981 1.962000e-12 -3.535128e+50 -3.503899e+50 3.340527e+50
982 1.964000e-12 -3.506904e+50 -3.475924e+50 3.313857e+50
983 1.966000e-12 -3.478905e+50 -3.448172e+50 3.287399e+50
984 1.968000e-12 -3.451129e+50 -3.420642e+50 3.261152e+50
985 1.970000e-12 -3.423575e+50 -3.393332e+50 3.235115e+50
986 1.972000e-12 -3.396242e+50 -3.366239e+50 3.209286e+50
987 1.974000e-12 -3.369126e+50 -3.339363e+50 3.183663e+50
988 1.976000e-12 -3.342227e+50 -3.312702e+50 3.158245e+50
989 1.978000e-12 -3.315543e+50 -3.286253e+50 3.133029e+50
990 1.980000e-12 -3.289071e+50 -3.260016e+50 3.108015e+50
991 1.982000e-12 -3.262811e+50 -3.233988e+50 3.083201e+50
992 1.984000e-12 -3.236761e+50 -3.208168e+50 3.058585e+50
993 1.986000e-12 -3.210919e+50 -3.182554e+50 3.034165e+50
994 1.988000e-12 -3.185283e+50 -3.157144e+50 3.009940e+50
995 1.990000e-12 -3.159851e+50 -3.131937e+50 2.985909e+50
996 1.992000e-12 -3.134623e+50 -3.106932e+50 2.962069e+50
997 1.994000e-12 -3.109596e+50 -3.082126e+50 2.938420e+50
998 1.996000e-12 -3.084769e+50 -3.057519e+50 2.914960e+50
999 1.998000e-12 -3.060141e+50 -3.033107e+50 2.891687e+50
1000 2.000000e-12 -3.035708e+50 -3.008891e+50 2.868599e+50
1001 2.002000e-12 -3.011471e+50 -2.984868e+50 2.845697e+50
1002 2.004000e-12 -2.987428e+50 -2.961037e+50 2.822976e+50
1003 2.006000e-12 -2.963576e+50 -2.937396e+50 2.800438e+50
1004 2.008000e-12 -2.939915e+50 -2.913944e+50 2.778079e+50
1005 2.010000e-12 -2.916443e+50 -2.890679e+50 2.755899e+50
1006 2.012000e-12 -2.893158e+50 -2.867600e+50 2.733896e+50
1007 2.014000e-12 -2.870059e+50 -2.844705e+50 2.712068e+50
1008 2.016000e-12 -2.847144e+50 -2.821993e+50 2.690415e+50
1009 2.018000e-12 -2.824413e+50 -2.799462e+50 2.668935e+50
1010 2.020000e-12 -2.801863e+50 -2.777111e+50 2.647626e+50
1011 2.022000e-12 -2.779492e+50 -2.754938e+50 2.626488e+50
1012 2.024000e-12 -2.757301e+50 -2.732943e+50 2.605518e+50
1013 2.026000e-12 -2.735287e+50 -2.711123e+50 2.584715e+50
1014 2.028000e-12 -2.713448e+50 -2.689478e+50 2.564079e+50
1015 2.030000e-12 -2.691784e+50 -2.668005e+50 2.543607e+50
1016 2.032000e-12 -2.670293e+50 -2.646703e+50 2.523299e+50
1017 2.034000e-12 -2.648973e+50 -2.625572e+50 2.503153e+50
1018 2.036000e-12 -2.627824e+50 -2.604610e+50 2.483168e+50
1019 2.038000e-12 -2.606843e+50 -2.583814e+50 2.463342e+50
1020 2.040000e-12 -2.586030e+50 -2.563185e+50 2.443675e+50
1021 2.042000e-12 -2.565383e+50 -2.542721e+50 2.424165e+50
1022 2.044000e-12 -2.544901e+50 -2.522420e+50 2.404810e+50
1023 2.046000e-12 -2.524583e+50 -2.502281e+50 2.385610e+50
1024 2.048000e-12 -2.504427e+50 -2.482303e+50 2.366563e+50
1025 2.050000e-12 -2.484432e+50 -2.462484e+50 2.347669e+50
1026 2.052000e-12 -2.464598e+50 -2.442824e+50 2.328926e+50
1027 2.054000e-12 -2.444921e+50 -2.423321e+50 2.310332e+50
1028 2.056000e-12 -2.425401e+50 -2.403973e+50 2.291886e+50
1029 2.058000e-12 -2.406036e+50 -2.384779e+50 2.273588e+50
1030 2.060000e-12 -2.386826e+50 -2.365739e+50 2.255435e+50
1031 2.062000e-12 -2.367770e+50 -2.346851e+50 2.237428e+50
1032 2.064000e-12 -2.348866e+50 -2.328114e+50 2.219564e+50
1033 2.066000e-12 -2.330112e+50 -2.309526e+50 2.201843e+50
1034 2.068000e-12 -2.311523e+50 -2.291078e+50 2.184257e+50
1035 2.070000e-12 -2.293110e+50 -2.272759e+50 2.166796e+50
1036 2.072000e-12 -2.274802e+50 -2.254613e+50 2.149497e+50
1037 2.074000e-12 -2.256640e+50 -2.236612e+50 2.132335e+50
1038 2.076000e-12 -2.238623e+50 -2.218755e+50 2.115310e+50
1039 2.078000e-12 -2.220750e+50 -2.201041e+50 2.098422e+50
1040 2.080000e-12 -2.203019e+50 -2.183468e+50 2.081668e+50
1041 2.082000e-12 -2.185430e+50 -2.166035e+50 2.065048e+50
1042 2.084000e-12 -2.167982e+50 -2.148741e+50 2.048561e+50
1043 2.086000e-12 -2.150673e+50 -2.131586e+50 2.032205e+50
1044 2.088000e-12 -2.133502e+50 -2.114567e+50 2.015980e+50
1045 2.090000e-12 -2.116468e+50 -2.097684e+50 1.999884e+50
1046 2.092000e-12 -2.099570e+50 -2.080936e+50 1.983917e+50
1047 2.094000e-12 -2.082807e+50 -2.064322e+50 1.968078e+50
1048 2.096000e-12 -2.066178e+50 -2.047841e+50 1.952364e+50
1049 2.098000e-12 -2.049682e+50 -2.031491e+50 1.936777e+50
1050 2.100000e-12 -2.033317e+50 -2.015271e+50 1.921314e+50
1051 2.102000e-12 -2.017083e+50 -1.999181e+50 1.905974e+50
1052 2.104000e-12 -2.000979e+50 -1.983220e+50 1.890756e+50
1053 2.106000e-12 -1.985003e+50 -1.967386e+50 1.875661e+50
1054 2.108000e-12 -1.969154e+50 -1.951678e+50 1.860685e+50
1055 2.110000e-12 -1.953433e+50 -1.936096e+50 1.845830e+50
1056 2.112000e-12 -1.937837e+50 -1.920638e+50 1.831093e+50
1057 2.114000e-12 -1.922365e+50 -1.905304e+50 1.816473e+50
1058 2.116000e-12 -1.907017e+50 -1.890091e+50 1.801970e+50
1059 2.118000e-12 -1.891791e+50 -1.874998e+50 1.787584e+50
1060 2.120000e-12 -1.876687e+50 -1.860028e+50 1.773312e+50
1061 2.122000e-12 -1.861703e+50 -1.845177e+50 1.759154e+50
1062 2.124000e-12 -1.846839e+50 -1.830445e+50 1.745108e+50
1063 2.126000e-12 -1.832094e+50 -1.815831e+50 1.731176e+50
1064 2.128000e-12 -1.817467e+50 -1.801333e+50 1.717354e+50
1065 2.130000e-12 -1.802956e+50 -1.786952e+50 1.703642e+50
1066 2.132000e-12 -1.788561e+50 -1.772684e+50 1.690041e+50
1067 2.134000e-12 -1.774281e+50 -1.758531e+50 1.676547e+50
1068 2.136000e-12 -1.760116e+50 -1.744491e+50 1.663162e+50
1069 2.138000e-12 -1.746063e+50 -1.730563e+50 1.649883e+50
1070 2.140000e-12 -1.732122e+50 -1.716746e+50 1.636711e+50
1071 2.142000e-12 -1.718293e+50 -1.703039e+50 1.623642e+50
1072 2.144000e-12 -1.704575e+50 -1.689441e+50 1.610679e+50
1073 2.146000e-12 -1.690966e+50 -1.675953e+50 1.597819e+50
1074 2.148000e-12 -1.677465e+50 -1.662572e+50 1.585062e+50
1075 2.150000e-12 -1.664072e+50 -1.649298e+50 1.572407e+50
1076 2.152000e-12 -1.650786e+50 -1.636130e+50 1.559853e+50
1077 2.154000e-12 -1.637606e+50 -1.623067e+50 1.547399e+50
1078 2.156000e-12 -1.624532e+50 -1.610108e+50 1.535044e+50
1079 2.158000e-12 -1.611561e+50 -1.597253e+50 1.522789e+50
1080 2.160000e-12 -1.598695e+50 -1.584501e+50 1.510631e+50
1081 2.162000e-12 -1.585931e+50 -1.571850e+50 1.498570e+50
1082 2.164000e-12 -1.573269e+50 -1.559301e+50 1.486605e+50
1083 2.166000e-12 -1.560708e+50 -1.546851e+50 1.474736e+50
1084 2.168000e-12 -1.548247e+50 -1.534501e+50 1.462962e+50
1085 2.170000e-12 -1.535886e+50 -1.522249e+50 1.451281e+50
1086 2.172000e-12 -1.523624e+50 -1.510094e+50 1.439694e+50
1087 2.174000e-12 -1.511459e+50 -1.498038e+50 1.428199e+50
1088 2.176000e-12 -1.499392e+50 -1.486077e+50 1.416797e+50
1089 2.178000e-12 -1.487420e+50 -1.474212e+50 1.405485e+50
1090 2.180000e-12 -1.475545e+50 -1.462442e+50 1.394263e+50
1091 2.182000e-12 -1.463764e+50 -1.450766e+50 1.383132e+50
1092 2.184000e-12 -1.452077e+50 -1.439183e+50 1.372089e+50
1093 2.186000e-12 -1.440484e+50 -1.427693e+50 1.361134e+50
1094 2.188000e-12 -1.428983e+50 -1.416294e+50 1.350267e+50
1095 2.190000e-12 -1.417574e+50 -1.404986e+50 1.339486e+50
1096 2.192000e-12 -1.406256e+50 -1.393769e+50 1.328792e+50
1097 2.194000e-12 -1.395029e+50 -1.382641e+50 1.318183e+50
1098 2.196000e-12 -1.383891e+50 -1.371602e+50 1.307658e+50
1099 2.198000e-12 -1.372842e+50 -1.360651e+50 1.297218e+50
1100 2.200000e-12 -1.361881e+50 -1.349788e+50 1.286861e+50
1101 2.202000e-12 -1.351008e+50 -1.339011e+50 1.276587e+50
1102 2.204000e-12 -1.340221e+50 -1.328320e+50 1.266394e+50
1103 2.206000e-12 -1.329521e+50 -1.317715e+50 1.256283e+50
1104 2.208000e-12 -1.318906e+50 -1.307194e+50 1.246253e+50
1105 2.210000e-12 -1.308376e+50 -1.296758e+50 1.236303e+50
1106 2.212000e-12 -1.297930e+50 -1.286404e+50 1.226433e+50
1107 2.214000e-12 -5.253185e+55 1.807306e+55 -1.319693e+56
1108 2.216000e-12 -2.084494e+56 7.171542e+55 -5.236628e+56
1109 2.218000e-12 -2.067851e+56 7.114285e+55 -5.194819e+56
1110 2.220000e-12 -2.051341e+56 7.057484e+55 -5.153343e+56
1111 2.222000e-12 -2.034963e+56 7.001137e+55 -5.112199e+56
1112 2.224000e-12 -2.018716e+56 6.945240e+55 -5.071383e+56
1113 2.226000e-12 -2.002599e+56 6.889789e+55 -5.030893e+56
1114 2.228000e-12 -1.986610e+56 6.834781e+55 -4.990727e+56
1115 2.230000e-12 -1.970749e+56 6.780212e+55 -4.950881e+56
1116 2.232000e-12 -1.955014e+56 6.726079e+55 -4.911353e+56
1117 2.234000e-12 -1.939406e+56 6.672378e+55 -4.872141e+56
1118 2.236000e-12 -1.923921e+56 6.619106e+55 -4.833241e+56
1119 2.238000e-12 -1.908561e+56 6.566259e+55 -4.794653e+56
1120 2.240000e-12 -1.893323e+56 6.513834e+55 -4.756372e+56
1121 2.242000e-12 -1.878207e+56 6.461827e+55 -4.718397e+56
1122 2.244000e-12 -1.863211e+56 6.410236e+55 -4.680726e+56
1123 2.246000e-12 -1.848335e+56 6.359057e+55 -4.643355e+56
1124 2.248000e-12 -1.833578e+56 6.308286e+55 -4.606282e+56
1125 2.250000e-12 -1.818939e+56 6.257921e+55 -4.569506e+56
1126 2.252000e-12 -1.804416e+56 6.207958e+55 -4.533023e+56
1127 2.254000e-12 -1.790010e+56 6.158393e+55 -4.496831e+56
1128 2.256000e-12 -1.775718e+56 6.109225e+55 -4.460928e+56
1129 2.258000e-12 -1.761541e+56 6.060449e+55 -4.425312e+56
1130 2.260000e-12 -1.747477e+56 6.012062e+55 -4.389981e+56
1131 2.262000e-12 -1.733525e+56 5.964062e+55 -4.354931e+56
1132 2.264000e-12 -1.719685e+56 5.916445e+55 -4.320161e+56
1133 2.266000e-12 -1.705955e+56 5.869208e+55 -4.285669e+56
1134 2.268000e-12 -1.692334e+56 5.822348e+55 -4.251452e+56
1135 2.270000e-12 -1.678823e+56 5.775862e+55 -4.217509e+56
1136 2.272000e-12 -1.665419e+56 5.729748e+55 -4.183836e+56
1137 2.274000e-12 -1.652122e+56 5.684002e+55 -4.150432e+56
1138 2.276000e-12 -1.638932e+56 5.638620e+55 -4.117295e+56
1139 2.278000e-12 -1.625847e+56 5.593602e+55 -4.084423e+56
1140 2.280000e-12 -1.612866e+56 5.548942e+55 -4.051813e+56
1141 2.282000e-12 -1.599989e+56 5.504640e+55 -4.019463e+56
1142 2.284000e-12 -1.587214e+56 5.460691e+55 -3.987372e+56
1143 2.286000e-12 -1.574542e+56 5.417092e+55 -3.955537e+56
1144 2.288000e-12 -1.561971e+56 5.373842e+55 -3.923956e+56
1145 2.290000e-12 -1.549500e+56 5.330938e+55 -3.892627e+56
1146 2.292000e-12 -1.537129e+56 5.288375e+55 -3.861548e+56
1147 2.294000e-12 -1.524856e+56 5.246153e+55 -3.830717e+56
1148 2.296000e-12 -1.512682e+56 5.204268e+55 -3.800133e+56
1149 2.298000e-12 -1.500605e+56 5.162717e+55 -3.769793e+56
1150 2.300000e-12 -1.488624e+56 5.121498e+55 -3.739695e+56
1151 2.302000e-12 -1.476739e+56 5.080608e+55 -3.709837e+56
1152 2.304000e-12 -1.464948e+56 5.040044e+55 -3.680218e+56
1153 2.306000e-12 -1.453252e+56 4.999804e+55 -3.650835e+56
1154 2.308000e-12 -1.441650e+56 4.959886e+55 -3.621687e+56
1155 2.310000e-12 -1.430139e+56 4.920286e+55 -3.592771e+56
1156 2.312000e-12 -1.418721e+56 4.881003e+55 -3.564086e+56
1157 2.314000e-12 -1.407394e+56 4.842033e+55 -3.535631e+56
1158 2.316000e-12 -1.396157e+56 4.803374e+55 -3.507402e+56
1159 2.318000e-12 -1.385011e+56 4.765024e+55 -3.479399e+56
1160 2.320000e-12 -1.373953e+56 4.726980e+55 -3.451620e+56
1161 2.322000e-12 -1.362983e+56 4.689240e+55 -3.424062e+56
1162 2.324000e-12 -1.352101e+56 4.651801e+55 -3.396724e+56
1163 2.326000e-12 -1.341306e+56 4.614661e+55 -3.369605e+56
1164 2.328000e-12 -1.330597e+56 4.577817e+55 -3.342702e+56
1165 2.330000e-12 -1.319973e+56 4.541268e+55 -3.316014e+56
1166 2.332000e-12 -1.309435e+56 4.505011e+55 -3.289539e+56
1167 2.334000e-12 -1.298980e+56 4.469043e+55 -3.263275e+56
1168 2.336000e-12 -1.288609e+56 4.433362e+55 -3.237221e+56
1169 2.338000e-12 -1.278321e+56 4.397966e+55 -3.211375e+56
1170 2.340000e-12 -1.268115e+56 4.362852e+55 -3.185735e+56
1171 2.342000e-12 -1.257990e+56 4.328019e+55 -3.160300e+56
1172 2.344000e-12 -1.247946e+56 4.293465e+55 -3.135069e+56
1173 2.346000e-12 -1.237983e+56 4.259185e+55 -3.110038e+56
1174 2.348000e-12 -1.228099e+56 4.225180e+55 -3.085208e+56
1175 2.350000e-12 -1.218293e+56 4.191446e+55 -3.060575e+56
1176 2.352000e-12 -1.208567e+56 4.157982e+55 -3.036140e+56
1177 2.354000e-12 -1.198917e+56 4.124784e+55 -3.011899e+56
1178 2.356000e-12 -1.189345e+56 4.091852e+55 -2.987852e+56
1179 2.358000e-12 -1.179850e+56 4.059183e+55 -2.963997e+56
1180 2.360000e-12 -1.170430e+56 4.026774e+55 -2.940333e+56
1181 2.362000e-12 -1.161085e+56 3.994625e+55 -2.916857e+56
1182 2.364000e-12 -1.151815e+56 3.962731e+55 -2.893569e+56
1183 2.366000e-12 -1.142619e+56 3.931093e+55 -2.870467e+56
1184 2.368000e-12 -1.133496e+56 3.899707e+55 -2.847549e+56
1185 2.370000e-12 -1.124446e+56 3.868572e+55 -2.824814e+56
1186 2.372000e-12 -1.115469e+56 3.837685e+55 -2.802261e+56
1187 2.374000e-12 -1.106563e+56 3.807045e+55 -2.779887e+56
1188 2.376000e-12 -1.097728e+56 3.776650e+55 -2.757693e+56
1189 2.378000e-12 -1.088964e+56 3.746497e+55 -2.735675e+56
1190 2.380000e-12 -1.080269e+56 3.716585e+55 -2.713834e+56
1191 2.382000e-12 -1.071645e+56 3.686912e+55 -2.692166e+56
1192 2.384000e-12 -1.063088e+56 3.657475e+55 -2.670672e+56
1193 2.386000e-12 -1.054601e+56 3.628274e+55 -2.649350e+56
1194 2.388000e-12 -1.046181e+56 3.599306e+55 -2.628197e+56
1195 2.390000e-12 -1.037828e+56 3.570569e+55 -2.607214e+56
1196 2.392000e-12 -1.029542e+56 3.542062e+55 -2.586398e+56
1197 2.394000e-12 -1.021322e+56 3.513782e+55 -2.565748e+56
1198 2.396000e-12 -1.013168e+56 3.485728e+55 -2.545263e+56
1199 2.398000e-12 -1.005079e+56 3.457898e+55 -2.524941e+56
1200 2.400000e-12 -9.970544e+55 3.430290e+55 -2.504782e+56
1201 2.402000e-12 -9.890939e+55 3.402903e+55 -2.484784e+56
1202 2.404000e-12 -9.811969e+55 3.375734e+55 -2.464946e+56
1203 2.406000e-12 -9.733631e+55 3.348782e+55 -2.445266e+56
1204 2.408000e-12 -9.655917e+55 3.322045e+55 -2.425743e+56
1205 2.410000e-12 -9.578825e+55 3.295522e+55 -2.406375e+56
1206 2.412000e-12 -9.502347e+55 3.269211e+55 -2.387163e+56
1207 2.414000e-12 -9.426480e+55 3.243109e+55 -2.368104e+56
1208 2.416000e-12 -9.351219e+55 3.217216e+55 -2.349197e+56
1209 2.418000e-12 -9.276559e+55 3.191530e+55 -2.330441e+56
1210 2.420000e-12 -9.202495e+55 3.166049e+55 -2.311835e+56
1211 2.422000e-12 -9.129023e+55 3.140771e+55 -2.293377e+56
1212 2.424000e-12 -9.056136e+55 3.115695e+55 -2.275067e+56
1213 2.426000e-12 -8.983832e+55 3.090819e+55 -2.256902e+56
1214 2.428000e-12 -8.912105e+55 3.066142e+55 -2.238883e+56
1215 2.430000e-12 -8.840951e+55 3.041662e+55 -2.221008e+56
1216 2.432000e-12 -8.770365e+55 3.017378e+55 -2.203276e+56
1217 2.434000e-12 -8.700342e+55 2.993287e+55 -2.185685e+56
1218 2.436000e-12 -8.630879e+55 2.969388e+55 -2.168234e+56
1219 2.438000e-12 -8.561970e+55 2.945681e+55 -2.150923e+56
1220 2.440000e-12 -8.493611e+55 2.922163e+55 -2.133750e+56
1221 2.442000e-12 -8.425798e+55 2.898832e+55 -2.116714e+56
1222 2.444000e-12 -8.358527e+55 2.875688e+55 -2.099814e+56
1223 2.446000e-12 -8.291792e+55 2.852728e+55 -2.083049e+56
1224 2.448000e-12 -8.225590e+55 2.829952e+55 -2.066418e+56
1225 2.450000e-12 -8.159917e+55 2.807358e+55 -2.049920e+56
1226 2.452000e-12 -8.094768e+55 2.784944e+55 -2.033553e+56
1227 2.454000e-12 -8.030140e+55 2.762709e+55 -2.017318e+56
1228 2.456000e-12 -7.966027e+55 2.740651e+55 -2.001211e+56
1229 2.458000e-12 -7.902426e+55 2.718770e+55 -1.985234e+56
1230 2.460000e-12 -7.839333e+55 2.697063e+55 -1.969384e+56
1231 2.462000e-12 -7.776744e+55 2.675530e+55 -1.953660e+56
1232 2.464000e-12 -7.714655e+55 2.654168e+55 -1.938062e+56
1233 2.466000e-12 -7.653061e+55 2.632978e+55 -1.922588e+56
1234 2.468000e-12 -7.591959e+55 2.611956e+55 -1.907238e+56
1235 2.470000e-12 -7.531345e+55 2.591102e+55 -1.892011e+56
1236 2.472000e-12 -7.471214e+55 2.570415e+55 -1.876905e+56
1237 2.474000e-12 -7.291648e+55 2.705488e+55 -1.842880e+56
1238 2.476000e-12 -6.876556e+55 3.146948e+55 -1.771502e+56
1239 2.478000e-12 -6.821654e+55 3.121822e+55 -1.757358e+56
1240 2.480000e-12 -6.767190e+55 3.096898e+55 -1.743327e+56
1241 2.482000e-12 -6.713160e+55 3.072172e+55 -1.729408e+56
1242 2.484000e-12 -6.659563e+55 3.047644e+55 -1.715601e+56
1243 2.486000e-12 -6.606393e+55 3.023311e+55 -1.701903e+56
1244 2.488000e-12 -6.553647e+55 2.999173e+55 -1.688315e+56
1245 2.490000e-12 -6.501323e+55 2.975228e+55 -1.674836e+56
1246 2.492000e-12 -6.449416e+55 2.951474e+55 -1.661464e+56
1247 2.494000e-12 -6.397924e+55 2.927909e+55 -1.648199e+56
1248 2.496000e-12 -6.346843e+55 2.904533e+55 -1.635040e+56
1249 2.498000e-12 -6.296170e+55 2.881343e+55 -1.621986e+56
1250 2.500000e-12 -6.245901e+55 2.858338e+55 -1.609036e+56
1251 2.502000e-12 -6.196034e+55 2.835517e+55 -1.596189e+56
1252 2.504000e-12 -6.146565e+55 2.812879e+55 -1.583445e+56
1253 2.506000e-12 -6.097491e+55 2.790420e+55 -1.570803e+56
1254 2.508000e-12 -6.048808e+55 2.768142e+55 -1.558262e+56
1255 2.510000e-12 -6.000515e+55 2.746041e+55 -1.545820e+56
1256 2.512000e-12 -5.952607e+55 2.724117e+55 -1.533479e+56
1257 2.514000e-12 -5.905081e+55 2.702367e+55 -1.521235e+56
1258 2.516000e-12 -5.857935e+55 2.680791e+55 -1.509090e+56
1259 2.518000e-12 -5.811165e+55 2.659388e+55 -1.497041e+56
1260 2.520000e-12 -5.764769e+55 2.638155e+55 -1.485089e+56
1261 2.522000e-12 -5.718743e+55 2.617092e+55 -1.473232e+56
1262 2.524000e-12 -5.673084e+55 2.596198e+55 -1.461470e+56
1263 2.526000e-12 -5.627790e+55 2.575470e+55 -1.449801e+56
1264 2.528000e-12 -5.582858e+55 2.554907e+55 -1.438226e+56
1265 2.530000e-12 -5.538285e+55 2.534509e+55 -1.426743e+56
1266 2.532000e-12 -5.494067e+55 2.514273e+55 -1.415352e+56
1267 2.534000e-12 -5.450202e+55 2.494199e+55 -1.404052e+56
1268 2.536000e-12 -5.406688e+55 2.474285e+55 -1.392842e+56
1269 2.538000e-12 -5.363521e+55 2.454531e+55 -1.381721e+56
1270 2.540000e-12 -5.320699e+55 2.434934e+55 -1.370690e+56
1271 2.542000e-12 -5.278218e+55 2.415493e+55 -1.359746e+56
1272 2.544000e-12 -5.236077e+55 2.396208e+55 -1.348890e+56
1273 2.546000e-12 -5.194272e+55 2.377077e+55 -1.338120e+56
1274 2.548000e-12 -5.152801e+55 2.358098e+55 -1.327437e+56
1275 2.550000e-12 -5.111661e+55 2.339271e+55 -1.316839e+56
1276 2.552000e-12 -5.070849e+55 2.320594e+55 -1.306325e+56
1277 2.554000e-12 -5.030364e+55 2.302067e+55 -1.295895e+56
1278 2.556000e-12 -4.990201e+55 2.283687e+55 -1.285549e+56
1279 2.558000e-12 -4.950360e+55 2.265454e+55 -1.275285e+56
1280 2.560000e-12 -4.910836e+55 2.247367e+55 -1.265103e+56
1281 2.562000e-12 -4.871628e+55 2.229424e+55 -1.255003e+56
1282 2.564000e-12 -4.832733e+55 2.211624e+55 -1.244983e+56
1283 2.566000e-12 -4.794148e+55 2.193966e+55 -1.235043e+56
1284 2.568000e-12 -4.755872e+55 2.176450e+55 -1.225182e+56
1285 2.570000e-12 -4.717901e+55 2.159073e+55 -1.215400e+56
1286 2.572000e-12 -4.680233e+55 2.141835e+55 -1.205697e+56
1287 2.574000e-12 -4.642866e+55 2.124734e+55 -1.196070e+56
1288 2.576000e-12 -4.605797e+55 2.107771e+55 -1.186521e+56
1289 2.578000e-12 -4.569025e+55 2.090942e+55 -1.177048e+56
1290 2.580000e-12 -4.532546e+55 2.074248e+55 -1.167650e+56
1291 2.582000e-12 -4.496358e+55 2.057687e+55 -1.158328e+56
1292 2.584000e-12 -4.460459e+55 2.041259e+55 -1.149079e+56
1293 2.586000e-12 -4.424847e+55 2.024961e+55 -1.139905e+56
1294 2.588000e-12 -4.389519e+55 2.008794e+55 -1.130804e+56
1295 2.590000e-12 -4.354473e+55 1.992756e+55 -1.121776e+56
1296 2.592000e-12 -4.319707e+55 1.976846e+55 -1.112820e+56
1297 2.594000e-12 -4.285218e+55 1.961062e+55 -1.103935e+56
1298 2.596000e-12 -4.251005e+55 1.945405e+55 -1.095121e+56
1299 2.598000e-12 -4.217065e+55 1.929873e+55 -1.086378e+56
1300 2.600000e-12 -4.183396e+55 1.914465e+55 -1.077704e+56
1301 2.602000e-12 -4.149996e+55 1.899180e+55 -1.069100e+56
1302 2.604000e-12 -4.116862e+55 1.884017e+55 -1.060564e+56
1303 2.606000e-12 -4.083993e+55 1.868975e+55 -1.052096e+56
1304 2.608000e-12 -4.051386e+55 1.854053e+55 -1.043696e+56
1305 2.610000e-12 -4.019040e+55 1.839250e+55 -1.035364e+56
1306 2.612000e-12 -3.986952e+55 1.824566e+55 -1.027097e+56
1307 2.614000e-12 -3.955120e+55 1.809998e+55 -1.018897e+56
1308 2.616000e-12 -3.923543e+55 1.795547e+55 -1.010762e+56
1309 2.618000e-12 -3.892217e+55 1.781212e+55 -1.002692e+56
1310 2.620000e-12 -3.861142e+55 1.766991e+55 -9.946866e+55
1311 2.622000e-12 -3.830314e+55 1.752883e+55 -9.867450e+55
1312 2.624000e-12 -3.799733e+55 1.738888e+55 -9.788668e+55
1313 2.626000e-12 -3.769396e+55 1.725005e+55 -9.710516e+55
1314 2.628000e-12 -3.739301e+55 1.711232e+55 -9.632987e+55
1315 2.630000e-12 -3.709447e+55 1.697570e+55 -9.556077e+55
1316 2.632000e-12 -3.679830e+55 1.684016e+55 -9.479781e+55
1317 2.634000e-12 -3.650451e+55 1.670571e+55 -9.404095e+55
1318 2.636000e-12 -3.621305e+55 1.657233e+55 -9.329012e+55
1319 2.638000e-12 -3.592393e+55 1.644002e+55 -9.254530e+55
1320 2.640000e-12 -3.563711e+55 1.630876e+55 -9.180641e+55
1321 2.642000e-12 -3.535258e+55 1.617855e+55 -9.107343e+55
1322 2.644000e-12 -3.507033e+55 1.604938e+55 -9.034630e+55
1323 2.646000e-12 -3.479033e+55 1.592125e+55 -8.962498e+55
1324 2.648000e-12 -3.451256e+55 1.579413e+55 -8.890941e+55
1325 2.650000e-12 -3.423701e+55 1.566803e+55 -8.819956e+55
1326 2.652000e-12 -3.396367e+55 1.554294e+55 -8.749537e+55
1327 2.654000e-12 -3.369250e+55 1.541884e+55 -8.679681e+55
1328 2.656000e-12 -3.342350e+55 1.529574e+55 -8.610382e+55
1329 2.658000e-12 -3.315665e+55 1.517362e+55 -8.541637e+55
1330 2.660000e-12 -3.289192e+55 1.505247e+55 -8.473441e+55
1331 2.662000e-12 -3.262931e+55 1.493229e+55 -8.405789e+55
1332 2.664000e-12 -3.236880e+55 1.481307e+55 -8.338677e+55
1333 2.666000e-12 -3.211037e+55 1.469480e+55 -8.272101e+55
1334 2.668000e-12 -3.185400e+55 1.457748e+55 -8.206056e+55
1335 2.670000e-12 -3.159968e+55 1.446109e+55 -8.140539e+55
1336 2.672000e-12 -3.134739e+55 1.434564e+55 -8.075545e+55
1337 2.674000e-12 -3.109711e+55 1.423110e+55 -8.011070e+55
1338 2.676000e-12 -3.084883e+55 1.411748e+55 -7.947110e+55
1339 2.678000e-12 -3.060253e+55 1.400477e+55 -7.883660e+55
1340 2.680000e-12 -3.035820e+55 1.389295e+55 -7.820717e+55
1341 2.682000e-12 -3.011582e+55 1.378203e+55 -7.758276e+55
1342 2.684000e-12 -2.987538e+55 1.367199e+55 -7.696334e+55
1343 2.686000e-12 -2.963685e+55 1.356284e+55 -7.634887e+55
1344 2.688000e-12 -2.940023e+55 1.345455e+55 -7.573930e+55
1345 2.690000e-12 -2.916550e+55 1.334713e+55 -7.513459e+55
1346 2.692000e-12 -2.893264e+55 1.324057e+55 -7.453472e+55
1347 2.694000e-12 -2.870164e+55 1.313485e+55 -7.393963e+55
1348 2.696000e-12 -2.847249e+55 1.302999e+55 -7.334930e+55
1349 2.698000e-12 -2.824517e+55 1.292595e+55 -7.276368e+55
1350 2.700000e-12 -2.801966e+55 1.282275e+55 -7.218273e+55
1351 2.702000e-12 -2.779595e+55 1.272038e+55 -7.160643e+55
1352 2.704000e-12 -2.757402e+55 1.261882e+55 -7.103472e+55
1353 2.706000e-12 -2.735387e+55 1.251807e+55 -7.046758e+55
1354 2.708000e-12 -2.713548e+55 1.241812e+55 -6.990497e+55
1355 2.710000e-12 -2.691883e+55 1.231898e+55 -6.934685e+55
1356 2.712000e-12 -2.670391e+55 1.222062e+55 -6.879318e+55
1357 2.714000e-12 -2.649071e+55 1.212305e+55 -6.824394e+55
1358 2.716000e-12 -2.627920e+55 1.202626e+55 -6.769908e+55
1359 2.718000e-12 -2.606939e+55 1.193025e+55 -6.715857e+55
1360 2.720000e-12 -2.586125e+55 1.183499e+55 -6.662237e+55
1361 2.722000e-12 -2.637241e+55 1.338002e+55 -6.939867e+55
1362 2.724000e-12 -2.829755e+55 1.815248e+55 -7.868998e+55
1363 2.726000e-12 -2.807162e+55 1.800756e+55 -7.806172e+55
1364 2.728000e-12 -2.784750e+55 1.786378e+55 -7.743848e+55
1365 2.730000e-12 -2.762516e+55 1.772116e+55 -7.682021e+55
1366 2.732000e-12 -2.740460e+55 1.757967e+55 -7.620687e+55
1367 2.734000e-12 -2.718581e+55 1.743932e+55 -7.559844e+55
1368 2.736000e-12 -2.696875e+55 1.730008e+55 -7.499486e+55
1369 2.738000e-12 -2.675344e+55 1.716196e+55 -7.439610e+55
1370 2.740000e-12 -2.653984e+55 1.702494e+55 -7.380212e+55
1371 2.742000e-12 -2.632794e+55 1.688901e+55 -7.321289e+55
1372 2.744000e-12 -2.611774e+55 1.675417e+55 -7.262835e+55
1373 2.746000e-12 -2.590922e+55 1.662040e+55 -7.204849e+55
1374 2.748000e-12 -2.570236e+55 1.648770e+55 -7.147325e+55
1375 2.750000e-12 -2.549715e+55 1.635607e+55 -7.090261e+55
1376 2.752000e-12 -2.529358e+55 1.622548e+55 -7.033653e+55
1377 2.754000e-12 -2.509164e+55 1.609594e+55 -6.977496e+55
1378 2.756000e-12 -2.489130e+55 1.596743e+55 -6.921788e+55
1379 2.758000e-12 -2.469257e+55 1.583994e+55 -6.866524e+55
1380 2.760000e-12 -2.449543e+55 1.571348e+55 -6.811702e+55
1381 2.762000e-12 -2.429986e+55 1.558802e+55 -6.757317e+55
1382 2.764000e-12 -2.410585e+55 1.546356e+55 -6.703367e+55
1383 2.766000e-12 -2.391338e+55 1.534010e+55 -6.649847e+55
1384 2.768000e-12 -2.372246e+55 1.521763e+55 -6.596755e+55
1385 2.770000e-12 -2.353306e+55 1.509613e+55 -6.544086e+55
1386 2.772000e-12 -2.334517e+55 1.497560e+55 -6.491838e+55
1387 2.774000e-12 -2.315878e+55 1.485604e+55 -6.440007e+55
1388 2.776000e-12 -2.297388e+55 1.473743e+55 -6.388590e+55
1389 2.778000e-12 -2.279046e+55 1.461976e+55 -6.337584e+55
1390 2.780000e-12 -2.260850e+55 1.450304e+55 -6.286985e+55
1391 2.782000e-12 -2.242800e+55 1.438725e+55 -6.236789e+55
1392 2.784000e-12 -2.224893e+55 1.427238e+55 -6.186995e+55
1393 2.786000e-12 -2.207130e+55 1.415843e+55 -6.137598e+55
1394 2.788000e-12 -2.189508e+55 1.404539e+55 -6.088595e+55
1395 2.790000e-12 -2.172027e+55 1.393325e+55 -6.039984e+55
1396 2.792000e-12 -2.154685e+55 1.382201e+55 -5.991761e+55
1397 2.794000e-12 -2.137482e+55 1.371165e+55 -5.943922e+55
1398 2.796000e-12 -2.120417e+55 1.360218e+55 -5.896466e+55
1399 2.798000e-12 -2.103487e+55 1.349358e+55 -5.849389e+55
1400 2.800000e-12 -2.086693e+55 1.338585e+55 -5.802687e+55
1401 2.802000e-12 -2.070033e+55 1.327897e+55 -5.756359e+55
1402 2.804000e-12 -2.053506e+55 1.317295e+55 -5.710400e+55
1403 2.806000e-12 -2.037111e+55 1.306778e+55 -5.664808e+55
1404 2.808000e-12 -2.020846e+55 1.296345e+55 -5.619580e+55
1405 2.810000e-12 -2.004712e+55 1.285995e+55 -5.574713e+55
1406 2.812000e-12 -1.988706e+55 1.275727e+55 -5.530205e+55
1407 2.814000e-12 -1.972828e+55 1.265542e+55 -5.486052e+55
1408 2.816000e-12 -1.957077e+55 1.255438e+55 -5.442251e+55
1409 2.818000e-12 -1.941452e+55 1.245414e+55 -5.398800e+55
1410 2.820000e-12 -1.925951e+55 1.235471e+55 -5.355696e+55
1411 2.822000e-12 -1.910575e+55 1.225607e+55 -5.312936e+55
1412 2.824000e-12 -1.895321e+55 1.215822e+55 -5.270518e+55
1413 2.826000e-12 -1.880188e+55 1.206115e+55 -5.228438e+55
1414 2.828000e-12 -1.865177e+55 1.196485e+55 -5.186694e+55
1415 2.830000e-12 -1.850285e+55 1.186932e+55 -5.145284e+55
1416 2.832000e-12 -1.835513e+55 1.177456e+55 -5.104204e+55
1417 2.834000e-12 -1.820858e+55 1.168055e+55 -5.063452e+55
1418 2.836000e-12 -1.806320e+55 1.158729e+55 -5.023025e+55
1419 2.838000e-12 -1.791899e+55 1.149478e+55 -4.982921e+55
1420 2.840000e-12 -1.777592e+55 1.140301e+55 -4.943138e+55
1421 2.842000e-12 -1.763400e+55 1.131196e+55 -4.903672e+55
1422 2.844000e-12 -1.749321e+55 1.122165e+55 -4.864521e+55
1423 2.846000e-12 -1.735354e+55 1.113206e+55 -4.825682e+55
1424 2.848000e-12 -1.721499e+55 1.104318e+55 -4.787154e+55
1425 2.850000e-12 -1.707755e+55 1.095501e+55 -4.748933e+55
1426 2.852000e-12 -1.694120e+55 1.086754e+55 -4.711018e+55
1427 2.854000e-12 -1.680594e+55 1.078078e+55 -4.673405e+55
1428 2.856000e-12 -1.667176e+55 1.069470e+55 -4.636093e+55
1429 2.858000e-12 -1.653865e+55 1.060932e+55 -4.599078e+55
1430 2.860000e-12 -1.640661e+55 1.052461e+55 -4.562359e+55
1431 2.862000e-12 -1.627561e+55 1.044058e+55 -4.525934e+55
1432 2.864000e-12 -1.614565e+55 1.035721e+55 -4.489800e+55
1433 2.866000e-12 -1.601675e+55 1.027451e+55 -4.453953e+55
1434 2.868000e-12 -1.588887e+55 1.019248e+55 -4.418393e+55
1435 2.870000e-12 -1.576201e+55 1.011111e+55 -4.383116e+55
1436 2.872000e-12 -1.563617e+55 1.003038e+55 -4.348121e+55
1437 2.874000e-12 -1.551133e+55 9.950296e+54 -4.313406e+55
1438 2.876000e-12 -1.538749e+55 9.870852e+54 -4.278968e+55
1439 2.878000e-12 -1.526463e+55 9.792044e+54 -4.244804e+55
1440 2.880000e-12 -1.514276e+55 9.713864e+54 -4.210914e+55
1441 2.882000e-12 -1.502186e+55 9.636308e+54 -4.177294e+55
1442 2.884000e-12 -1.490193e+55 9.559372e+54 -4.143943e+55
1443 2.886000e-12 -1.478295e+55 9.483050e+54 -4.110857e+55
1444 2.888000e-12 -1.466492e+55 9.407337e+54 -4.078036e+55
1445 2.890000e-12 -1.454784e+55 9.332229e+54 -4.045477e+55
1446 2.892000e-12 -1.443169e+55 9.257721e+54 -4.013178e+55
1447 2.894000e-12 -1.431647e+55 9.183807e+54 -3.981137e+55
1448 2.896000e-12 -1.420216e+55 9.110484e+54 -3.949351e+55
1449 2.898000e-12 -1.408877e+55 9.037745e+54 -3.917820e+55
1450 2.900000e-12 -1.397629e+55 8.965588e+54 -3.886540e+55
1451 2.902000e-12 -1.386470e+55 8.894007e+54 -3.855510e+55
1452 2.904000e-12 -1.375401e+55 8.822997e+54 -3.824727e+55
1453 2.906000e-12 -1.364419e+55 8.752554e+54 -3.794191e+55
1454 2.908000e-12 -1.353526e+55 8.682674e+54 -3.763898e+55
1455 2.910000e-12 -1.342719e+55 8.613351e+54 -3.733847e+55
1456 2.912000e-12 -1.331999e+55 8.544582e+54 -3.704036e+55
1457 2.914000e-12 -1.321364e+55 8.476362e+54 -3.674463e+55
1458 2.916000e-12 -1.310815e+55 8.408687e+54 -3.645126e+55
1459 2.918000e-12 -1.300349e+55 8.341552e+54 -3.616023e+55
1460 2.920000e-12 -1.289967e+55 8.274953e+54 -3.587153e+55
1461 2.922000e-12 -1.279668e+55 8.208886e+54 -3.558513e+55
1462 2.924000e-12 -1.269451e+55 8.143346e+54 -3.530102e+55
1463 2.926000e-12 -1.259316e+55 8.078330e+54 -3.501918e+55
1464 2.928000e-12 -1.249261e+55 8.013832e+54 -3.473958e+55
1465 2.930000e-12 -1.239287e+55 7.949850e+54 -3.446222e+55
1466 2.932000e-12 -1.229393e+55 7.886378e+54 -3.418708e+55
1467 2.934000e-12 -1.219577e+55 7.823414e+54 -3.391413e+55
1468 2.936000e-12 -1.209840e+55 7.760951e+54 -3.364336e+55
1469 2.938000e-12 -1.200181e+55 7.698988e+54 -3.337475e+55
1470 2.940000e-12 -1.190599e+55 7.637519e+54 -3.310828e+55
1471 2.942000e-12 -1.181093e+55 7.576541e+54 -3.284395e+55
1472 2.944000e-12 -1.171663e+55 7.516050e+54 -3.258172e+55
1473 2.946000e-12 -1.162308e+55 7.456042e+54 -3.232159e+55
1474 2.948000e-12 -1.153029e+55 7.396513e+54 -3.206353e+55
1475 2.950000e-12 -1.143823e+55 7.337459e+54 -3.180754e+55
1476 2.952000e-12 -1.134691e+55 7.278877e+54 -3.155359e+55
1477 2.954000e-12 -1.125631e+55 7.220762e+54 -3.130166e+55
1478 2.956000e-12 -1.116644e+55 7.163112e+54 -3.105175e+55
1479 2.958000e-12 -1.107729e+55 7.105922e+54 -3.080383e+55
1480 2.960000e-12 -1.098885e+55 7.049188e+54 -3.055790e+55
1481 2.962000e-12 -1.090111e+55 6.992907e+54 -3.031392e+55
1482 2.964000e-12 -1.081408e+55 6.937076e+54 -3.007189e+55
1483 2.966000e-12 -1.072774e+55 6.881690e+54 -2.983180e+55
1484 2.968000e-12 -1.064209e+55 6.826747e+54 -2.959362e+55
1485 2.970000e-12 -1.055712e+55 6.772242e+54 -2.935735e+55
1486 2.972000e-12 -1.047283e+55 6.718172e+54 -2.912296e+55
1487 2.974000e-12 -1.038922e+55 6.664535e+54 -2.889044e+55
1488 2.976000e-12 -1.030627e+55 6.611325e+54 -2.865978e+55
1489 2.978000e-12 -1.022399e+55 6.558540e+54 -2.843096e+55
1490 2.980000e-12 -1.014236e+55 6.506177e+54 -2.820397e+55
1491 2.982000e-12 -1.006138e+55 6.454231e+54 -2.797879e+55
1492 2.984000e-12 -9.981051e+54 6.402701e+54 -2.775540e+55
1493 2.986000e-12 -9.901362e+54 6.351582e+54 -2.753381e+55
1494 2.988000e-12 -9.822309e+54 6.300871e+54 -2.731398e+55
1495 2.990000e-12 -9.743888e+54 6.250564e+54 -2.709590e+55
1496 2.992000e-12 -9.666093e+54 6.200660e+54 -2.687957e+55
1497 2.994000e-12 -9.588919e+54 6.151154e+54 -2.666496e+55
1498 2.996000e-12 -9.512361e+54 6.102043e+54 -2.645207e+55
1499 2.998000e-12 -9.436414e+54 6.053324e+54 -2.624087e+55
1500 3.000000e-12 -9.361074e+54 6.004995e+54 -2.603137e+55
1501 3.002000e-12 -9.286335e+54 5.957051e+54 -2.582353e+55
1502 3.004000e-12 -9.212193e+54 5.909490e+54 -2.561736e+55
1503 3.006000e-12 -9.138643e+54 5.862308e+54 -2.541283e+55
1504 3.008000e-12 -9.065680e+54 5.815504e+54 -2.520993e+55
1505 3.010000e-12 -8.993300e+54 5.769073e+54 -2.500866e+55
1506 3.012000e-12 -8.921497e+54 5.723012e+54 -2.480899e+55
1507 3.014000e-12 -8.850268e+54 5.677320e+54 -2.461091e+55
1508 3.016000e-12 -8.779607e+54 5.631992e+54 -2.441442e+55
1509 3.018000e-12 -8.709511e+54 5.587026e+54 -2.421949e+55
1510 3.020000e-12 -8.639974e+54 5.542419e+54 -2.402613e+55
1511 3.022000e-12 -8.570993e+54 5.498169e+54 -2.383430e+55
1512 3.024000e-12 -8.502562e+54 5.454271e+54 -2.364401e+55
1513 3.026000e-12 -8.434677e+54 5.410724e+54 -2.345523e+55
1514 3.028000e-12 -8.367335e+54 5.367525e+54 -2.326797e+55
1515 3.030000e-12 -8.300530e+54 5.324671e+54 -2.308220e+55
1516 3.032000e-12 -8.234259e+54 5.282159e+54 -2.289791e+55
1517 3.034000e-12 -8.168516e+54 5.239986e+54 -2.271509e+55
1518 3.036000e-12 -8.103299e+54 5.198150e+54 -2.253373e+55
1519 3.038000e-12 -8.038602e+54 5.156648e+54 -2.235382e+55
1520 3.040000e-12 -7.974422e+54 5.115477e+54 -2.217535e+55
1521 3.042000e-12 -7.910754e+54 5.074635e+54 -2.199830e+55
1522 3.044000e-12 -7.847595e+54 5.034119e+54 -2.182267e+55
1523 3.046000e-12 -7.784940e+54 4.993927e+54 -2.164844e+55
1524 3.048000e-12 -7.722785e+54 4.954055e+54 -2.147560e+55
1525 3.050000e-12 -7.661126e+54 4.914502e+54 -2.130413e+55
1526 3.052000e-12 -7.599959e+54 4.875265e+54 -2.113404e+55
1527 3.054000e-12 -7.539281e+54 4.836341e+54 -2.096531e+55
1528 3.056000e-12 -7.479088e+54 4.797727e+54 -2.079792e+55
1529 3.058000e-12 -7.419375e+54 4.759422e+54 -2.063187e+55
1530 3.060000e-12 -7.360138e+54 4.721423e+54 -2.046715e+55
1531 3.062000e-12 -7.301375e+54 4.683727e+54 -2.030374e+55
1532 3.064000e-12 -7.243081e+54 4.646332e+54 -2.014163e+55
1533 3.066000e-12 -7.185252e+54 4.609236e+54 -1.998082e+55
1534 3.068000e-12 -7.127885e+54 4.572436e+54 -1.982129e+55
1535 3.070000e-12 -7.070976e+54 4.535930e+54 -1.966304e+55
1536 3.072000e-12 -7.014521e+54 4.499715e+54 -1.950605e+55
1537 3.074000e-12 -6.958517e+54 4.463789e+54 -1.935031e+55
1538 3.076000e-12 -6.902961e+54 4.428150e+54 -1.919582e+55
1539 3.078000e-12 -6.847847e+54 4.392796e+54 -1.904256e+55
1540 3.080000e-12 -6.793174e+54 4.357724e+54 -1.889053e+55
1541 3.082000e-12 -6.738937e+54 4.322932e+54 -1.873970e+55
1542 3.084000e-12 -6.685134e+54 4.288417e+54 -1.859009e+55
1543 3.086000e-12 -6.631760e+54 4.254179e+54 -1.844166e+55
1544 3.088000e-12 -6.578812e+54 4.220213e+54 -1.829442e+55
1545 3.090000e-12 -6.526286e+54 4.186519e+54 -1.814836e+55
1546 3.092000e-12 -6.474181e+54 4.153094e+54 -1.800347e+55
1547 3.094000e-12 -6.422491e+54 4.119936e+54 -1.785973e+55
1548 3.096000e-12 -6.371214e+54 4.087042e+54 -1.771713e+55
1549 3.098000e-12 -6.320346e+54 4.054411e+54 -1.757568e+55
1550 3.100000e-12 -6.269884e+54 4.022041e+54 -1.743536e+55
1551 3.102000e-12 -6.219825e+54 3.989929e+54 -1.729615e+55
1552 3.104000e-12 -6.170166e+54 3.958073e+54 -1.715806e+55
1553 3.106000e-12 -6.120904e+54 3.926472e+54 -1.702107e+55
1554 3.108000e-12 -6.072034e+54 3.895123e+54 -1.688517e+55
1555 3.110000e-12 -6.023555e+54 3.864024e+54 -1.675036e+55
1556 3.112000e-12 -5.975463e+54 3.833174e+54 -1.661663e+55
1557 3.114000e-12 -5.927755e+54 3.802570e+54 -1.648396e+55
1558 3.116000e-12 -5.880428e+54 3.772210e+54 -1.635235e+55
1559 3.118000e-12 -5.833479e+54 3.742093e+54 -1.622180e+55
1560 3.120000e-12 -5.786904e+54 3.712216e+54 -1.609228e+55
1561 3.122000e-12 -5.740701e+54 3.682578e+54 -1.596380e+55
1562 3.124000e-12 -5.694868e+54 3.653176e+54 -1.583634e+55
1563 3.126000e-12 -5.649400e+54 3.624009e+54 -1.570991e+55
1564 3.128000e-12 -5.604295e+54 3.595075e+54 -1.558448e+55
1565 3.130000e-12 -5.559550e+54 3.566372e+54 -1.546005e+55
1566 3.132000e-12 -5.515163e+54 3.537898e+54 -1.533662e+55
1567 3.134000e-12 -5.471130e+54 3.509651e+54 -1.521417e+55
1568 3.136000e-12 -5.427448e+54 3.481630e+54 -1.509270e+55
1569 3.138000e-12 -5.384116e+54 3.453833e+54 -1.497220e+55
1570 3.140000e-12 -5.341129e+54 3.426258e+54 -1.485266e+55
1571 3.142000e-12 -5.298485e+54 3.398902e+54 -1.473408e+55
1572 3.144000e-12 -5.256182e+54 3.371765e+54 -1.461644e+55
1573 3.146000e-12 -5.214217e+54 3.344845e+54 -1.449975e+55
1574 3.148000e-12 -5.172586e+54 3.318140e+54 -1.438398e+55
1575 3.150000e-12 -5.131289e+54 3.291648e+54 -1.426914e+55
1576 3.152000e-12 -5.090320e+54 3.265367e+54 -1.415521e+55
1577 3.154000e-12 -5.049679e+54 3.239297e+54 -1.404220e+55
1578 3.156000e-12 -5.009363e+54 3.213434e+54 -1.393009e+55
1579 3.158000e-12 -4.969368e+54 3.187778e+54 -1.381887e+55
1580 3.160000e-12 -4.929692e+54 3.162327e+54 -1.370854e+55
1581 3.162000e-12 -4.890334e+54 3.137079e+54 -1.359909e+55
1582 3.164000e-12 -4.851289e+54 3.112032e+54 -1.349051e+55
1583 3.166000e-12 -4.812557e+54 3.087186e+54 -1.338281e+55
1584 3.168000e-12 -4.774133e+54 3.062538e+54 -1.327596e+55
1585 3.170000e-12 -4.736016e+54 3.038087e+54 -1.316996e+55
1586 3.172000e-12 -4.698204e+54 3.013831e+54 -1.306481e+55
